type :  3
size :  90240
width :  376
height :  240
packets :  357
payload :  253
jpg_quality :  100


{seqnr : 0,
data : [
56, 56, 58, 57, 54, 55, 57, 56, 55, 54, 55, 54, 56, 57, 56, 55, 56, 56, 55, 56, 57, 57, 55, 56, 55, 57, 56, 57, 56, 56, 56, 55, 56, 54, 54, 56, 56, 57, 56, 56, 56, 55, 56, 56, 57, 57, 56, 56, 55, 56, 57, 57, 55, 55, 57, 56, 57, 56, 56, 57, 56, 57, 56, 56, 56, 55, 55, 56, 55, 56, 57, 57, 56, 56, 56, 55, 56, 55, 55, 56, 55, 56, 55, 56, 55, 55, 56, 56, 56, 56, 55, 55, 57, 55, 55, 56, 56, 56, 55, 56, 55, 56, 56, 55, 57, 56, 55, 54, 56, 57, 55, 56, 54, 56, 55, 56, 55, 57, 56, 56, 55, 58, 55, 55, 55, 55, 56, 54, 54, 55, 56, 55, 55, 55, 54, 54, 52, 52, 50, 48, 45, 44, 41, 40, 40, 39, 40, 41, 40, 40, 40, 39, 39, 38, 40, 41, 42, 45, 48, 52, 55, 58, 58, 61, 60, 61, 61, 61, 61, 60, 59, 59, 60, 58, 59, 60, 59, 59, 58, 59, 61, 60, 59, 59, 59, 61, 61, 59, 60, 61, 61, 60, 61, 62, 63, 62, 60, 60, 61, 61, 61, 62, 63, 63, 62, 62, 61, 61, 61, 61, 61, 62, 60, 59, 59, 60, 60, 60, 61, 60, 60, 60, 60, 61, 60, 60, 60, 60, 59, 60, 59, 59, 60, 60, 58, 60, 59, 59, 59, 59, 58, 58, 57, 59, 58, 58, 57, 59, 58, 56, 56, 58, 56
]}

{seqnr : 1,
data : [
57, 57, 57, 57, 56, 56, 57, 57, 55, 57, 58, 56, 56, 56, 57, 55, 55, 55, 55, 55, 56, 56, 56, 56, 54, 55, 54, 54, 53, 55, 54, 55, 54, 54, 53, 54, 52, 53, 52, 53, 54, 53, 51, 52, 52, 53, 53, 52, 53, 53, 51, 53, 53, 52, 52, 51, 53, 52, 51, 52, 52, 52, 52, 54, 52, 53, 52, 52, 51, 49, 53, 50, 51, 51, 52, 50, 51, 52, 50, 51, 50, 50, 48, 49, 50, 48, 49, 48, 48, 51, 49, 50, 49, 49, 48, 49, 49, 48, 49, 49, 49, 48, 48, 48, 49, 49, 48, 47, 48, 48, 48, 47, 46, 47, 46, 46, 45, 47, 46, 46, 47, 46, 46, 55, 56, 56, 57, 56, 58, 57, 57, 54, 54, 55, 54, 57, 55, 56, 54, 55, 56, 56, 56, 56, 56, 55, 57, 56, 56, 56, 56, 56, 55, 57, 56, 56, 58, 57, 56, 55, 55, 55, 55, 56, 56, 56, 56, 57, 56, 58, 55, 56, 56, 55, 56, 56, 57, 55, 58, 56, 57, 56, 56, 57, 57, 56, 56, 57, 56, 55, 57, 55, 55, 57, 57, 56, 57, 55, 56, 56, 56, 56, 54, 56, 56, 55, 54, 57, 55, 56, 56, 58, 55, 55, 56, 56, 56, 56, 56, 56, 56, 57, 54, 55, 58, 55, 56, 55, 56, 56, 58, 56, 55, 55, 54, 55, 54, 57, 55, 58, 56, 55, 55, 53, 56, 54, 56, 55, 53, 55, 55, 55, 55
]}

{seqnr : 2,
data : [
55, 55, 55, 55, 56, 55, 52, 51, 50, 47, 44, 44, 42, 39, 40, 41, 41, 40, 39, 41, 40, 40, 39, 41, 41, 41, 44, 48, 50, 54, 57, 59, 60, 61, 60, 62, 61, 62, 62, 59, 60, 58, 60, 58, 60, 59, 59, 60, 59, 58, 60, 59, 59, 60, 59, 61, 60, 61, 61, 62, 60, 61, 61, 61, 60, 62, 62, 62, 61, 62, 62, 62, 61, 62, 61, 62, 60, 62, 61, 61, 61, 59, 61, 61, 61, 60, 62, 63, 61, 59, 60, 60, 61, 61, 62, 61, 60, 59, 59, 61, 59, 58, 60, 59, 59, 58, 59, 58, 58, 59, 59, 59, 57, 59, 59, 59, 58, 58, 57, 57, 58, 57, 58, 58, 57, 59, 57, 57, 56, 58, 57, 56, 56, 56, 56, 56, 57, 57, 56, 57, 57, 55, 56, 55, 56, 56, 57, 56, 54, 55, 54, 54, 53, 55, 54, 54, 54, 55, 55, 52, 53, 54, 55, 53, 53, 54, 53, 52, 53, 53, 54, 54, 54, 52, 53, 54, 52, 52, 52, 54, 52, 53, 52, 53, 51, 52, 53, 52, 53, 51, 51, 52, 52, 51, 51, 51, 51, 50, 51, 50, 50, 50, 50, 51, 50, 51, 49, 49, 49, 50, 50, 50, 51, 50, 48, 50, 49, 49, 49, 49, 49, 50, 49, 48, 49, 47, 48, 47, 48, 49, 48, 49, 48, 47, 47, 48, 47, 46, 45, 47, 47, 46, 47, 46, 46, 46, 55, 54, 54, 57, 56, 57, 55
]}

{seqnr : 3,
data : [
55, 55, 53, 53, 55, 56, 55, 57, 56, 56, 56, 58, 57, 57, 55, 59, 57, 55, 56, 56, 57, 56, 56, 54, 56, 57, 56, 57, 57, 56, 57, 55, 56, 55, 57, 55, 56, 57, 57, 57, 55, 55, 54, 57, 57, 56, 58, 58, 57, 56, 56, 57, 56, 57, 56, 55, 57, 55, 56, 55, 55, 56, 56, 57, 56, 56, 56, 55, 56, 54, 55, 56, 55, 55, 54, 56, 55, 55, 56, 56, 56, 56, 55, 55, 58, 56, 56, 56, 56, 56, 56, 56, 56, 55, 55, 55, 55, 56, 59, 57, 57, 56, 55, 55, 54, 54, 54, 54, 55, 56, 57, 56, 53, 55, 54, 56, 56, 55, 54, 55, 55, 53, 54, 55, 54, 55, 54, 54, 54, 55, 49, 48, 46, 45, 42, 41, 40, 41, 39, 39, 39, 39, 40, 39, 40, 39, 40, 39, 42, 43, 47, 50, 53, 57, 60, 60, 63, 62, 62, 60, 61, 61, 61, 59, 58, 59, 60, 59, 60, 58, 59, 59, 58, 58, 57, 60, 60, 61, 61, 60, 62, 60, 61, 60, 61, 60, 61, 61, 62, 62, 62, 62, 63, 61, 62, 62, 62, 60, 61, 61, 61, 62, 62, 62, 62, 61, 61, 61, 61, 60, 60, 61, 60, 61, 61, 60, 59, 60, 60, 59, 60, 61, 61, 59, 59, 60, 59, 59, 59, 60, 59, 59, 60, 57, 58, 57, 59, 59, 60, 60, 57, 56, 58, 58, 59, 58, 58, 57, 57, 56, 56, 56, 57
]}

{seqnr : 4,
data : [
56, 56, 57, 56, 55, 56, 56, 58, 56, 57, 55, 55, 54, 54, 56, 56, 55, 55, 55, 56, 53, 54, 54, 54, 56, 54, 53, 54, 52, 53, 53, 54, 54, 52, 54, 53, 53, 52, 52, 52, 52, 52, 52, 52, 53, 53, 53, 52, 52, 52, 52, 52, 51, 51, 50, 51, 52, 52, 50, 53, 50, 52, 51, 51, 51, 52, 51, 53, 52, 51, 51, 49, 49, 51, 49, 49, 50, 48, 49, 49, 48, 50, 50, 50, 49, 49, 48, 49, 48, 49, 49, 47, 48, 49, 48, 48, 46, 47, 48, 47, 47, 48, 48, 48, 45, 46, 46, 46, 47, 46, 45, 46, 45, 46, 45, 46, 56, 55, 55, 55, 55, 56, 55, 55, 54, 55, 55, 55, 55, 57, 54, 55, 54, 55, 57, 57, 57, 56, 56, 56, 55, 56, 57, 56, 56, 54, 56, 56, 55, 56, 55, 57, 57, 57, 54, 55, 54, 54, 55, 55, 56, 55, 55, 57, 56, 56, 56, 58, 56, 56, 55, 55, 56, 59, 58, 55, 55, 56, 57, 56, 57, 55, 54, 57, 56, 56, 57, 57, 55, 55, 55, 55, 55, 56, 56, 56, 57, 57, 56, 55, 57, 56, 56, 55, 57, 57, 55, 58, 56, 57, 56, 55, 56, 56, 56, 55, 55, 54, 55, 56, 55, 58, 58, 57, 58, 56, 55, 55, 56, 56, 55, 55, 56, 54, 55, 56, 55, 54, 54, 55, 55, 56, 55, 55, 56, 55, 55, 56, 54, 54, 55, 51, 50
]}

{seqnr : 5,
data : [
50, 47, 45, 43, 41, 39, 40, 40, 39, 39, 40, 40, 40, 41, 39, 39, 39, 42, 43, 48, 50, 53, 56, 58, 61, 60, 61, 62, 63, 62, 61, 63, 60, 61, 58, 59, 60, 60, 60, 62, 59, 60, 59, 59, 59, 59, 60, 60, 61, 61, 61, 60, 62, 59, 60, 61, 61, 62, 62, 63, 61, 64, 62, 63, 61, 60, 62, 60, 60, 61, 62, 60, 61, 62, 61, 61, 63, 63, 60, 61, 63, 60, 62, 60, 60, 59, 60, 60, 60, 59, 59, 58, 60, 59, 59, 60, 59, 59, 61, 59, 59, 58, 59, 60, 59, 59, 60, 58, 59, 59, 57, 57, 57, 58, 58, 58, 59, 59, 57, 57, 58, 56, 58, 57, 57, 56, 57, 58, 57, 55, 57, 56, 56, 56, 55, 52, 56, 58, 55, 56, 56, 54, 56, 55, 53, 54, 54, 55, 55, 52, 54, 54, 54, 53, 53, 55, 54, 53, 53, 53, 52, 53, 52, 51, 53, 52, 52, 53, 51, 53, 52, 53, 52, 54, 52, 52, 52, 52, 51, 52, 51, 52, 50, 52, 52, 50, 52, 51, 50, 52, 51, 51, 51, 50, 51, 51, 50, 49, 49, 50, 50, 50, 50, 48, 49, 50, 50, 48, 49, 48, 48, 49, 50, 50, 48, 49, 47, 48, 49, 48, 48, 49, 49, 48, 49, 48, 48, 48, 47, 47, 47, 47, 47, 45, 47, 47, 46, 47, 47, 55, 57, 56, 56, 55, 54, 54, 55, 55, 55, 55, 55, 56, 56
]}

{seqnr : 6, 
data : [
57, 57, 57, 56, 55, 56, 56, 56, 57, 57, 56, 56, 56, 55, 56, 55, 55, 55, 55, 55, 56, 58, 57, 58, 58, 55, 55, 56, 56, 56, 56, 56, 56, 55, 56, 56, 57, 57, 58, 56, 55, 57, 56, 56, 57, 57, 56, 55, 55, 59, 58, 57, 56, 57, 56, 56, 56, 57, 56, 56, 55, 55, 53, 55, 55, 55, 58, 56, 55, 56, 55, 56, 56, 55, 56, 55, 56, 57, 56, 56, 57, 57, 55, 56, 56, 54, 55, 55, 55, 55, 56, 57, 57, 57, 56, 54, 54, 56, 57, 55, 56, 55, 55, 56, 55, 56, 55, 55, 54, 54, 56, 53, 54, 54, 54, 55, 56, 55, 54, 54, 53, 51, 50, 48, 46, 44, 43, 41, 40, 39, 39, 40, 40, 40, 40, 39, 39, 40, 38, 42, 42, 44, 48, 51, 54, 56, 59, 59, 59, 61, 61, 61, 60, 63, 62, 61, 60, 60, 59, 60, 59, 59, 59, 60, 59, 59, 59, 58, 60, 61, 60, 63, 60, 61, 59, 60, 59, 61, 60, 61, 62, 62, 61, 63, 62, 63, 64, 61, 61, 61, 61, 61, 61, 61, 61, 60, 61, 62, 62, 63, 61, 62, 62, 61, 61, 60, 60, 59, 59, 61, 60, 59, 59, 61, 60, 59, 59, 60, 60, 60, 60, 59, 58, 60, 61, 58, 58, 59, 58, 59, 59, 59, 60, 57, 58, 59, 57, 60, 58, 59, 59, 58, 58, 57, 57, 57, 56, 58, 56, 55, 57, 57, 56
]}

{seqnr : 7,
data : [
56, 56, 56, 56, 57, 55, 54, 55, 56, 55, 55, 55, 56, 56, 55, 56, 54, 54, 54, 54, 52, 55, 53, 54, 52, 53, 53, 52, 54, 53, 54, 53, 53, 54, 53, 52, 54, 53, 52, 54, 53, 52, 54, 53, 52, 53, 51, 51, 51, 51, 51, 51, 53, 51, 51, 51, 51, 52, 51, 51, 53, 51, 51, 50, 50, 48, 49, 49, 50, 48, 49, 48, 50, 50, 49, 50, 50, 48, 50, 50, 49, 49, 49, 49, 50, 49, 48, 47, 49, 49, 48, 49, 48, 47, 49, 49, 47, 48, 46, 47, 48, 47, 47, 47, 47, 45, 46, 45, 46, 56, 57, 54, 58, 56, 54, 56, 56, 55, 54, 56, 56, 55, 57, 57, 54, 56, 56, 58, 56, 58, 57, 56, 58, 56, 56, 55, 55, 55, 56, 54, 56, 55, 56, 57, 56, 56, 57, 56, 56, 56, 56, 55, 54, 57, 56, 55, 57, 58, 55, 57, 57, 56, 57, 56, 56, 57, 56, 57, 57, 55, 56, 56, 57, 55, 56, 55, 55, 55, 59, 56, 56, 56, 55, 56, 57, 55, 56, 56, 57, 56, 56, 56, 56, 57, 57, 55, 56, 56, 55, 55, 56, 56, 55, 57, 56, 57, 56, 55, 55, 56, 56, 55, 54, 56, 56, 58, 56, 56, 54, 54, 56, 56, 55, 55, 55, 56, 55, 56, 56, 55, 54, 55, 55, 55, 56, 54, 54, 54, 54, 54, 55, 54, 55, 54, 50, 48, 47, 44, 44, 42, 40, 40, 41
]}

{seqnr : 8, 
data : [
41, 40, 39, 40, 40, 39, 38, 39, 39, 42, 44, 46, 49, 53, 56, 58, 59, 61, 62, 61, 62, 62, 62, 62, 62, 61, 61, 59, 59, 60, 59, 60, 59, 58, 59, 59, 59, 60, 60, 60, 62, 62, 59, 62, 60, 60, 60, 61, 62, 61, 62, 63, 62, 63, 61, 63, 62, 63, 62, 62, 62, 61, 63, 62, 63, 62, 61, 62, 63, 62, 62, 61, 63, 61, 61, 60, 61, 61, 61, 61, 62, 60, 60, 60, 60, 59, 60, 60, 58, 59, 60, 59, 59, 60, 61, 60, 58, 59, 59, 59, 58, 57, 60, 57, 57, 57, 59, 60, 59, 59, 60, 59, 59, 58, 57, 57, 57, 57, 57, 56, 58, 56, 55, 57, 57, 57, 56, 56, 55, 55, 55, 55, 54, 55, 56, 55, 55, 54, 56, 54, 54, 54, 54, 53, 54, 55, 55, 53, 54, 53, 54, 53, 54, 52, 52, 51, 54, 54, 55, 54, 53, 53, 54, 52, 53, 53, 53, 53, 52, 53, 52, 52, 51, 52, 52, 52, 52, 52, 52, 51, 52, 51, 52, 51, 51, 52, 50, 51, 51, 50, 52, 50, 49, 50, 50, 51, 50, 51, 51, 51, 50, 50, 50, 50, 49, 50, 49, 49, 49, 48, 49, 49, 49, 50, 49, 48, 48, 48, 46, 48, 47, 47, 48, 47, 47, 46, 47, 46, 46, 46, 47, 46, 56, 56, 56, 56, 55, 55, 55, 55, 54, 55, 54, 55, 55, 55, 56, 56, 57, 56, 57, 56, 57
]}

{seqnr : 9, 
data : [
56, 56, 56, 57, 55, 56, 56, 57, 57, 56, 55, 56, 55, 56, 55, 56, 57, 57, 55, 57, 57, 55, 57, 55, 57, 55, 54, 55, 57, 56, 56, 57, 56, 56, 57, 56, 56, 57, 55, 57, 56, 55, 56, 55, 56, 54, 56, 55, 56, 56, 56, 55, 54, 55, 56, 56, 56, 55, 57, 56, 56, 56, 56, 55, 55, 56, 55, 56, 56, 56, 55, 54, 56, 55, 55, 56, 56, 55, 56, 55, 57, 54, 55, 56, 55, 56, 56, 56, 54, 55, 56, 56, 55, 55, 55, 55, 54, 56, 54, 55, 54, 54, 55, 55, 54, 53, 55, 53, 54, 54, 54, 53, 54, 51, 51, 46, 46, 43, 42, 41, 41, 39, 41, 39, 40, 39, 40, 39, 39, 39, 39, 40, 42, 43, 48, 52, 54, 58, 60, 60, 60, 61, 62, 61, 61, 61, 61, 62, 60, 62, 59, 60, 59, 57, 57, 58, 59, 58, 58, 58, 59, 61, 60, 60, 61, 61, 59, 60, 59, 61, 61, 61, 61, 61, 62, 62, 62, 63, 63, 61, 62, 60, 61, 62, 60, 62, 61, 61, 61, 62, 63, 62, 62, 63, 63, 61, 60, 59, 60, 61, 59, 61, 59, 60, 59, 59, 58, 59, 60, 60, 60, 60, 58, 60, 59, 59, 60, 59, 58, 59, 58, 58, 59, 59, 58, 57, 56, 59, 57, 58, 57, 57, 59, 58, 58, 57, 58, 57, 57, 56, 55, 58, 56, 57, 56, 58, 57, 56, 56, 55, 55, 56, 56
]}

{seqnr : 10, 
data : [
54, 55, 54, 54, 56, 54, 54, 55, 54, 54, 56, 54, 53, 54, 55, 53, 54, 54, 54, 53, 53, 53, 52, 53, 53, 53, 53, 52, 53, 52, 52, 52, 53, 53, 54, 52, 51, 52, 51, 53, 51, 52, 51, 52, 53, 52, 51, 52, 53, 52, 51, 51, 51, 50, 52, 52, 50, 50, 48, 49, 50, 48, 50, 49, 50, 50, 51, 50, 49, 49, 50, 49, 50, 49, 48, 49, 48, 49, 48, 48, 50, 48, 49, 48, 47, 47, 46, 48, 46, 48, 48, 47, 47, 48, 48, 45, 47, 46, 46, 45, 46, 46, 56, 55, 57, 55, 57, 56, 55, 55, 56, 56, 56, 56, 56, 55, 56, 56, 56, 58, 56, 57, 57, 56, 58, 55, 57, 55, 54, 55, 56, 56, 55, 58, 55, 55, 55, 57, 57, 57, 57, 56, 56, 56, 55, 56, 56, 56, 55, 54, 55, 56, 56, 57, 55, 58, 56, 56, 57, 56, 56, 57, 58, 56, 55, 55, 57, 56, 55, 56, 56, 57, 57, 57, 56, 57, 56, 55, 55, 54, 57, 57, 55, 57, 58, 55, 56, 57, 55, 55, 55, 54, 55, 55, 56, 56, 56, 57, 55, 57, 56, 56, 54, 56, 56, 56, 55, 55, 57, 57, 55, 55, 54, 56, 56, 57, 56, 53, 55, 54, 54, 56, 55, 55, 55, 54, 56, 55, 52, 55, 54, 55, 54, 56, 53, 52, 52, 48, 47, 45, 42, 42, 41, 39, 40, 39, 39, 40, 39, 39, 38, 40, 38
]}

{seqnr : 11, 
data : [
40, 41, 43, 46, 50, 53, 56, 58, 59, 62, 62, 62, 63, 62, 61, 62, 62, 60, 62, 62, 59, 60, 60, 61, 58, 58, 60, 59, 60, 60, 60, 60, 61, 61, 63, 60, 62, 60, 60, 61, 61, 62, 63, 63, 63, 62, 62, 63, 64, 62, 63, 61, 62, 63, 62, 61, 60, 63, 61, 62, 62, 61, 62, 62, 61, 61, 59, 60, 60, 60, 60, 61, 59, 60, 58, 60, 60, 59, 60, 58, 60, 60, 60, 60, 60, 61, 61, 61, 59, 58, 58, 60, 60, 59, 60, 58, 57, 57, 59, 57, 59, 59, 58, 59, 57, 56, 59, 56, 57, 59, 58, 56, 57, 57, 57, 57, 57, 57, 57, 56, 57, 55, 55, 55, 55, 56, 55, 54, 55, 56, 54, 54, 55, 53, 53, 54, 52, 54, 54, 52, 54, 54, 53, 53, 53, 52, 53, 52, 54, 53, 53, 53, 53, 53, 52, 53, 53, 52, 54, 52, 51, 51, 53, 53, 53, 52, 53, 52, 52, 52, 52, 51, 50, 51, 50, 50, 52, 51, 51, 51, 50, 50, 52, 50, 49, 48, 50, 50, 51, 50, 50, 50, 50, 50, 51, 50, 49, 49, 48, 48, 50, 50, 48, 48, 48, 49, 48, 48, 49, 48, 47, 47, 46, 47, 47, 48, 48, 47, 47, 47, 47, 46, 45, 46, 47, 56, 57, 55, 55, 56, 54, 56, 55, 55, 57, 55, 55, 56, 55, 55, 56, 54, 56, 57, 58, 56, 56, 57, 55, 58, 56, 56, 56
]}

{seqnr : 296,
data : [
53, 56, 56, 59, 60, 61, 62, 62, 63, 63, 62, 63, 64, 64, 65, 63, 65, 63, 64, 65, 65, 62, 61, 61, 61, 61, 62, 62, 62, 62, 62, 62, 63, 62, 65, 67, 65, 65, 64, 65, 64, 64, 65, 64, 63, 64, 65, 64, 65, 64, 66, 65, 65, 65, 65, 66, 66, 67, 64, 65, 64, 64, 64, 62, 63, 64, 64, 64, 65, 64, 64, 66, 64, 65, 65, 64, 65, 66, 64, 64, 64, 63, 64, 63, 65, 64, 65, 64, 63, 64, 63, 64, 63, 63, 62, 63, 62, 63, 63, 63, 63, 63, 63, 62, 64, 64, 64, 66, 64, 64, 65, 62, 62, 63, 64, 61, 62, 64, 63, 63, 61, 62, 62, 64, 62, 62, 63, 62, 60, 60, 63, 61, 62, 62, 62, 61, 60, 60, 62, 61, 62, 61, 61, 61, 62, 61, 62, 62, 61, 61, 61, 60, 59, 59, 59, 58, 59, 59, 59, 59, 59, 59, 59, 59, 59, 59, 57, 59, 59, 58, 60, 60, 59, 58, 59, 58, 57, 59, 58, 57, 58, 58, 57, 59, 58, 59, 58, 58, 57, 59, 58, 57, 60, 58, 58, 57, 56, 56, 57, 56, 56, 58, 56, 56, 58, 58, 56, 55, 57, 57, 56, 56, 55, 57, 57, 55, 57, 55, 56, 55, 56, 56, 57, 55, 55, 56, 56, 56, 55, 54, 55, 55, 55, 54, 54, 55, 54, 55, 54, 54, 56, 55, 54, 53, 53, 54, 54, 51, 53, 52, 52, 54, 53
]}

{seqnr : 297,
data : [
54, 53, 55, 53, 54, 53, 53, 52, 52, 53, 52, 51, 51, 51, 50, 52, 52, 52, 51, 50, 49, 50, 50, 51, 50, 51, 51, 51, 50, 49, 49, 49, 51, 50, 51, 49, 50, 49, 50, 50, 49, 50, 50, 50, 49, 49, 49, 49, 50, 49, 48, 48, 47, 48, 46, 48, 47, 47, 48, 57, 57, 56, 56, 58, 56, 57, 58, 59, 57, 57, 56, 57, 57, 58, 56, 58, 58, 58, 58, 58, 56, 58, 57, 57, 58, 58, 59, 59, 57, 57, 56, 57, 59, 59, 58, 57, 58, 57, 56, 56, 55, 53, 50, 48, 44, 42, 40, 38, 38, 38, 38, 37, 39, 37, 39, 39, 38, 39, 39, 41, 42, 48, 52, 56, 57, 58, 58, 59, 60, 63, 61, 62, 64, 64, 64, 64, 65, 64, 64, 65, 64, 64, 64, 64, 62, 64, 62, 61, 61, 62, 62, 62, 64, 63, 62, 62, 65, 66, 65, 66, 64, 66, 64, 65, 65, 65, 64, 64, 64, 65, 66, 65, 64, 66, 64, 64, 63, 64, 63, 65, 65, 63, 63, 63, 63, 63, 66, 65, 63, 65, 64, 64, 65, 64, 64, 66, 64, 63, 63, 64, 65, 64, 65, 65, 64, 64, 65, 65, 64, 64, 62, 62, 61, 63, 63, 62, 63, 63, 63, 63, 64, 63, 63, 64, 64, 63, 63, 63, 63, 62, 65, 64, 64, 64, 62, 64, 63, 63, 63, 63, 61, 61, 62, 63, 62, 60, 61, 62, 61, 63, 62, 62, 60
]}

{seqnr : 298,
data : [
62, 62, 62, 61, 61, 61, 62, 63, 61, 61, 62, 62, 61, 60, 61, 61, 62, 62, 62, 60, 61, 61, 60, 58, 59, 57, 58, 58, 58, 59, 59, 59, 60, 57, 57, 60, 59, 59, 57, 59, 60, 61, 60, 59, 58, 59, 59, 59, 57, 58, 57, 57, 58, 58, 58, 58, 58, 57, 58, 56, 58, 60, 57, 58, 59, 58, 57, 58, 56, 57, 57, 56, 56, 57, 57, 57, 56, 57, 55, 55, 57, 57, 57, 56, 56, 56, 57, 56, 56, 55, 57, 55, 58, 55, 55, 56, 56, 55, 55, 55, 55, 55, 54, 55, 54, 55, 54, 53, 54, 53, 54, 54, 54, 53, 54, 54, 52, 53, 53, 52, 52, 54, 54, 54, 54, 52, 52, 51, 52, 52, 52, 53, 53, 52, 53, 53, 50, 51, 51, 51, 52, 51, 52, 50, 50, 50, 52, 51, 50, 50, 49, 51, 48, 51, 50, 49, 50, 51, 49, 49, 49, 49, 50, 51, 50, 50, 49, 49, 49, 50, 50, 50, 48, 49, 49, 49, 48, 47, 47, 48, 48, 48, 55, 57, 55, 56, 57, 57, 56, 58, 57, 57, 56, 58, 57, 57, 58, 57, 56, 58, 56, 57, 57, 57, 57, 56, 57, 56, 58, 57, 58, 58, 58, 56, 57, 58, 57, 57, 59, 57, 57, 56, 56, 54, 51, 49, 46, 43, 40, 39, 41, 39, 39, 38, 38, 39, 38, 37, 38, 37, 38, 39, 42, 45, 49, 52, 55, 59, 58, 62, 61, 61, 61
]}

{seqnr : 299,
data : [
63, 63, 62, 61, 63, 65, 63, 62, 64, 61, 64, 65, 63, 63, 61, 63, 62, 61, 62, 63, 63, 62, 62, 61, 65, 65, 63, 64, 65, 66, 65, 64, 65, 65, 65, 66, 65, 65, 64, 63, 63, 64, 65, 64, 64, 64, 64, 64, 67, 65, 66, 64, 63, 62, 64, 65, 66, 65, 63, 66, 64, 64, 63, 63, 62, 64, 65, 65, 65, 64, 64, 65, 63, 62, 63, 64, 64, 63, 65, 63, 64, 62, 62, 61, 63, 62, 64, 64, 63, 64, 63, 62, 61, 65, 62, 64, 65, 63, 62, 63, 63, 63, 64, 63, 64, 65, 62, 62, 63, 63, 64, 62, 62, 61, 62, 62, 62, 61, 63, 62, 62, 62, 63, 63, 64, 62, 61, 61, 61, 61, 62, 61, 62, 61, 64, 63, 62, 61, 61, 62, 60, 59, 60, 61, 58, 61, 60, 58, 58, 57, 59, 60, 59, 59, 58, 57, 58, 58, 57, 59, 57, 58, 59, 58, 58, 58, 58, 59, 59, 58, 58, 58, 58, 57, 58, 56, 60, 58, 59, 58, 57, 58, 57, 57, 60, 57, 57, 57, 57, 56, 58, 58, 58, 56, 58, 57, 57, 56, 58, 56, 57, 56, 56, 57, 55, 56, 55, 57, 53, 55, 54, 56, 54, 55, 54, 54, 57, 57, 56, 55, 56, 55, 55, 55, 54, 54, 54, 54, 54, 54, 55, 54, 54, 55, 53, 55, 54, 52, 54, 53, 51, 53, 53, 54, 54, 53, 54, 51, 53, 53, 52, 52, 52
]}

{seqnr : 300,
data : [
53, 53, 51, 54, 51, 51, 50, 50, 53, 50, 50, 49, 50, 52, 50, 49, 50, 49, 52, 49, 51, 50, 50, 50, 52, 51, 51, 49, 49, 49, 50, 50, 49, 49, 48, 49, 48, 49, 50, 48, 48, 48, 49, 48, 50, 49, 48, 48, 47, 48, 49, 49, 56, 57, 56, 56, 54, 57, 56, 57, 56, 57, 56, 57, 55, 56, 57, 56, 57, 57, 56, 57, 58, 57, 56, 58, 56, 57, 57, 57, 57, 57, 57, 55, 57, 57, 57, 56, 59, 56, 56, 55, 54, 53, 51, 48, 44, 42, 39, 38, 38, 37, 38, 37, 37, 39, 37, 38, 37, 37, 38, 39, 43, 46, 51, 53, 57, 59, 60, 62, 60, 61, 61, 60, 61, 62, 63, 64, 63, 62, 63, 65, 65, 64, 66, 65, 63, 62, 62, 61, 64, 63, 63, 61, 63, 62, 62, 65, 65, 65, 64, 63, 63, 64, 64, 64, 63, 65, 63, 65, 62, 63, 63, 64, 63, 64, 65, 64, 65, 62, 63, 64, 63, 63, 62, 62, 62, 64, 64, 64, 66, 63, 62, 65, 63, 65, 64, 63, 64, 63, 64, 65, 64, 65, 62, 64, 64, 62, 62, 63, 63, 62, 62, 62, 62, 62, 62, 63, 62, 62, 63, 65, 62, 62, 63, 63, 63, 65, 63, 63, 63, 64, 62, 62, 62, 63, 63, 64, 63, 63, 63, 63, 61, 61, 62, 60, 63, 60, 62, 62, 60, 62, 62, 61, 61, 62, 62, 62, 62, 60, 60, 62, 61
]}

{seqnr : 301,
data : [
59, 61, 60, 60, 61, 61, 62, 63, 61, 62, 61, 60, 60, 59, 61, 60, 61, 59, 58, 58, 59, 59, 58, 59, 58, 58, 56, 60, 58, 58, 59, 59, 57, 60, 58, 57, 58, 60, 60, 58, 59, 58, 57, 56, 57, 57, 57, 57, 59, 58, 57, 57, 57, 55, 57, 58, 58, 56, 59, 57, 56, 56, 56, 56, 57, 58, 56, 56, 55, 56, 55, 55, 56, 56, 56, 56, 57, 56, 55, 55, 54, 55, 56, 55, 54, 53, 55, 54, 55, 55, 55, 56, 55, 54, 54, 54, 53, 54, 53, 53, 55, 54, 53, 52, 53, 52, 54, 54, 53, 52, 52, 52, 54, 51, 54, 54, 54, 54, 53, 53, 52, 53, 52, 53, 53, 52, 53, 50, 50, 51, 51, 50, 51, 51, 49, 50, 50, 49, 49, 48, 50, 51, 49, 49, 50, 49, 49, 49, 51, 50, 49, 49, 48, 50, 48, 50, 48, 51, 50, 49, 50, 49, 49, 49, 48, 50, 48, 49, 48, 47, 48, 46, 47, 48, 47, 54, 56, 55, 55, 56, 56, 58, 57, 56, 56, 57, 58, 56, 58, 56, 57, 58, 57, 56, 58, 57, 56, 57, 57, 58, 56, 58, 56, 57, 56, 56, 58, 57, 57, 58, 57, 56, 56, 55, 56, 54, 54, 49, 45, 43, 40, 39, 38, 38, 38, 39, 39, 38, 38, 36, 38, 38, 37, 39, 40, 45, 48, 52, 57, 58, 58, 58, 61, 60, 61, 62, 62, 64, 63, 62, 63, 64, 63
]}

{seqnr : 302,
data : [
64, 64, 62, 64, 62, 63, 61, 63, 63, 62, 61, 63, 63, 64, 63, 64, 64, 64, 64, 66, 65, 64, 64, 64, 63, 63, 64, 65, 65, 64, 65, 65, 64, 64, 65, 63, 64, 64, 65, 63, 63, 63, 61, 64, 63, 62, 63, 62, 64, 66, 64, 64, 64, 62, 63, 64, 65, 64, 64, 65, 64, 64, 63, 65, 63, 62, 64, 65, 62, 62, 64, 61, 62, 63, 63, 62, 63, 64, 62, 63, 62, 64, 62, 64, 63, 63, 64, 62, 62, 63, 63, 63, 63, 63, 64, 62, 63, 61, 63, 62, 63, 63, 63, 62, 61, 61, 61, 62, 63, 62, 62, 61, 60, 62, 63, 62, 63, 61, 61, 62, 61, 63, 60, 61, 61, 62, 61, 61, 62, 62, 62, 62, 61, 61, 62, 60, 61, 61, 60, 60, 59, 57, 58, 59, 59, 59, 59, 58, 58, 60, 60, 60, 59, 60, 58, 59, 58, 59, 60, 57, 59, 59, 59, 57, 58, 58, 58, 58, 58, 58, 58, 58, 58, 57, 56, 58, 59, 58, 57, 57, 57, 58, 57, 57, 56, 55, 57, 58, 55, 58, 56, 57, 55, 56, 55, 57, 56, 56, 58, 56, 57, 55, 55, 55, 53, 55, 55, 55, 54, 54, 57, 55, 55, 56, 54, 55, 54, 54, 54, 54, 55, 54, 54, 53, 53, 55, 53, 55, 52, 52, 52, 53, 52, 52, 52, 52, 54, 54, 52, 53, 53, 53, 54, 52, 53, 52, 53, 54, 52, 53, 52, 50, 50
]}

{seqnr : 303,
data : [
51, 50, 51, 50, 51, 48, 50, 49, 50, 49, 49, 49, 48, 48, 49, 50, 49, 50, 50, 51, 51, 49, 51, 50, 49, 49, 48, 48, 48, 49, 49, 49, 49, 50, 48, 47, 49, 49, 48, 47, 47, 46, 49, 48, 47, 56, 55, 56, 57, 57, 57, 57, 57, 56, 56, 56, 56, 57, 56, 57, 57, 57, 56, 56, 58, 57, 57, 57, 58, 56, 59, 58, 56, 57, 55, 58, 58, 56, 57, 57, 57, 56, 56, 57, 55, 54, 52, 48, 45, 42, 40, 38, 39, 37, 40, 38, 38, 37, 38, 37, 37, 38, 38, 39, 43, 46, 51, 53, 57, 59, 60, 62, 60, 61, 61, 61, 62, 62, 63, 62, 64, 64, 64, 63, 66, 63, 65, 63, 63, 63, 62, 62, 62, 63, 65, 62, 63, 61, 63, 63, 63, 64, 64, 63, 64, 64, 64, 63, 63, 64, 64, 64, 65, 63, 63, 66, 64, 65, 66, 65, 63, 64, 64, 63, 64, 64, 65, 63, 64, 63, 66, 64, 64, 65, 64, 64, 64, 66, 64, 65, 65, 65, 65, 63, 63, 66, 65, 65, 63, 63, 65, 65, 64, 64, 64, 62, 62, 62, 62, 64, 63, 65, 63, 62, 62, 64, 64, 62, 64, 63, 63, 63, 64, 64, 63, 63, 64, 62, 64, 63, 62, 62, 61, 65, 64, 62, 63, 64, 61, 62, 63, 64, 63, 63, 62, 61, 62, 61, 62, 62, 63, 62, 62, 61, 61, 61, 60, 62, 59, 62, 60, 60, 62
]}

{seqnr : 304,
data : [
62, 60, 60, 60, 61, 60, 61, 58, 60, 61, 59, 59, 60, 59, 59, 61, 58, 60, 59, 58, 60, 62, 61, 57, 61, 60, 59, 57, 58, 58, 59, 59, 58, 58, 58, 58, 59, 60, 57, 58, 58, 58, 57, 56, 56, 57, 57, 57, 59, 58, 58, 57, 58, 58, 56, 57, 56, 58, 56, 57, 57, 57, 56, 56, 56, 57, 55, 56, 57, 58, 57, 55, 56, 56, 55, 56, 54, 54, 54, 54, 56, 55, 57, 56, 55, 54, 54, 55, 54, 55, 54, 54, 55, 54, 53, 53, 52, 54, 53, 54, 52, 54, 52, 53, 52, 53, 53, 54, 52, 54, 53, 54, 52, 53, 53, 52, 52, 51, 53, 53, 51, 53, 52, 52, 50, 53, 51, 49, 49, 50, 49, 49, 49, 50, 50, 50, 49, 48, 50, 49, 48, 48, 50, 50, 50, 49, 49, 50, 49, 48, 50, 50, 48, 48, 49, 50, 48, 48, 48, 47, 48, 47, 46, 49, 48, 47, 47, 48, 56, 56, 57, 56, 57, 56, 55, 57, 56, 57, 58, 57, 56, 58, 58, 56, 57, 56, 56, 58, 58, 57, 57, 58, 59, 58, 58, 55, 56, 58, 58, 60, 59, 57, 58, 59, 55, 56, 56, 54, 53, 50, 46, 43, 40, 39, 37, 39, 39, 39, 39, 38, 37, 39, 37, 38, 37, 38, 41, 44, 48, 52, 55, 59, 58, 60, 62, 60, 62, 62, 63, 62, 61, 62, 63, 64, 63, 65, 64, 64, 62, 64, 63, 64, 61
]}

{seqnr : 305,
data : [
62, 64, 61, 64, 63, 63, 64, 65, 64, 63, 63, 63, 64, 64, 64, 63, 62, 63, 62, 63, 64, 62, 64, 66, 65, 64, 65, 65, 63, 65, 63, 64, 63, 64, 62, 66, 64, 64, 64, 63, 64, 62, 64, 64, 65, 65, 64, 64, 63, 64, 63, 66, 64, 66, 64, 63, 64, 64, 65, 63, 65, 64, 64, 63, 63, 63, 63, 63, 63, 64, 63, 62, 63, 62, 62, 62, 63, 64, 65, 63, 63, 64, 62, 63, 62, 63, 64, 63, 63, 64, 63, 61, 62, 64, 64, 62, 64, 63, 62, 63, 62, 63, 61, 60, 59, 62, 62, 62, 61, 61, 61, 61, 62, 61, 62, 61, 62, 60, 62, 61, 60, 61, 60, 62, 60, 60, 61, 59, 60, 61, 60, 60, 59, 59, 57, 58, 60, 60, 60, 61, 61, 60, 59, 60, 59, 60, 59, 58, 58, 59, 58, 56, 58, 58, 59, 59, 58, 57, 58, 59, 58, 58, 60, 57, 58, 58, 57, 57, 58, 55, 58, 57, 56, 58, 57, 60, 59, 58, 57, 56, 55, 56, 56, 56, 55, 57, 58, 55, 54, 55, 56, 55, 55, 57, 54, 57, 56, 56, 56, 55, 55, 55, 54, 55, 56, 54, 55, 56, 56, 56, 53, 54, 54, 54, 56, 55, 55, 53, 53, 52, 53, 53, 53, 53, 53, 52, 50, 52, 52, 53, 54, 54, 53, 53, 54, 53, 52, 55, 53, 52, 52, 52, 53, 52, 51, 51, 51, 50, 50, 51, 50, 49, 50
]}

{seqnr : 306,
data : [
47, 49, 49, 48, 49, 49, 49, 49, 47, 47, 49, 49, 51, 50, 49, 49, 50, 50, 50, 50, 47, 48, 50, 50, 49, 48, 49, 47, 49, 49, 47, 48, 46, 46, 48, 48, 47, 47, 56, 58, 57, 55, 57, 56, 56, 55, 55, 56, 57, 56, 57, 58, 56, 55, 57, 56, 55, 56, 56, 57, 58, 58, 57, 58, 57, 56, 55, 57, 58, 57, 60, 58, 58, 58, 55, 58, 55, 53, 51, 48, 45, 41, 39, 39, 38, 39, 37, 38, 39, 38, 38, 37, 37, 37, 38, 39, 42, 46, 51, 55, 57, 60, 59, 60, 60, 63, 62, 63, 64, 64, 65, 63, 62, 63, 65, 63, 63, 62, 64, 63, 62, 63, 63, 61, 64, 63, 63, 61, 62, 63, 63, 64, 64, 65, 63, 65, 66, 64, 63, 64, 63, 62, 63, 63, 63, 66, 65, 64, 64, 64, 64, 63, 64, 64, 64, 63, 63, 63, 63, 65, 64, 64, 64, 63, 64, 62, 67, 65, 67, 64, 63, 64, 63, 64, 65, 64, 64, 63, 64, 64, 65, 66, 64, 65, 66, 63, 65, 63, 64, 62, 62, 63, 66, 64, 65, 63, 64, 62, 63, 62, 63, 63, 63, 63, 65, 63, 62, 63, 65, 63, 64, 64, 62, 62, 61, 63, 61, 63, 61, 63, 63, 62, 63, 61, 62, 63, 60, 61, 61, 62, 62, 62, 61, 60, 63, 62, 61, 62, 61, 59, 62, 61, 63, 60, 59, 62, 62, 59, 58, 61, 61, 62, 61
]}

{seqnr : 307,
data : [
60, 61, 60, 60, 59, 59, 58, 59, 60, 60, 59, 58, 59, 61, 59, 60, 60, 58, 59, 59, 57, 58, 57, 58, 58, 57, 58, 57, 59, 57, 58, 57, 57, 55, 58, 58, 57, 58, 59, 59, 58, 58, 57, 58, 58, 59, 57, 57, 57, 56, 57, 57, 57, 56, 55, 55, 57, 57, 57, 56, 54, 55, 56, 55, 56, 56, 56, 57, 54, 55, 53, 55, 54, 55, 54, 55, 56, 55, 55, 55, 55, 55, 54, 54, 55, 54, 55, 53, 52, 53, 52, 53, 51, 53, 52, 52, 53, 53, 53, 54, 55, 54, 53, 54, 53, 53, 53, 52, 52, 54, 52, 51, 52, 51, 51, 51, 50, 50, 51, 51, 49, 49, 50, 48, 49, 48, 48, 48, 48, 48, 49, 48, 47, 47, 48, 49, 49, 51, 49, 49, 51, 49, 49, 48, 48, 48, 49, 48, 48, 48, 49, 49, 49, 48, 46, 47, 47, 49, 47, 48, 46, 56, 58, 57, 56, 56, 56, 56, 56, 55, 56, 57, 57, 57, 56, 57, 56, 58, 56, 58, 57, 59, 59, 57, 57, 58, 56, 56, 55, 56, 57, 60, 59, 59, 59, 57, 57, 56, 56, 57, 52, 50, 47, 44, 40, 39, 38, 37, 38, 38, 38, 38, 37, 38, 38, 37, 37, 40, 41, 44, 48, 53, 55, 57, 59, 60, 62, 59, 64, 62, 63, 62, 64, 63, 64, 63, 63, 64, 62, 63, 64, 62, 63, 62, 63, 62, 65, 63, 64, 63, 63, 61, 64
]}

{seqnr : 308,
data : [
64, 64, 64, 65, 65, 64, 65, 64, 65, 64, 63, 62, 63, 64, 66, 64, 63, 63, 65, 63, 63, 64, 64, 64, 65, 66, 64, 65, 63, 63, 64, 64, 62, 64, 64, 62, 64, 64, 66, 64, 63, 62, 63, 64, 64, 65, 66, 63, 65, 66, 65, 65, 64, 64, 63, 63, 64, 62, 62, 64, 64, 63, 63, 65, 63, 64, 63, 63, 62, 62, 64, 64, 63, 63, 62, 63, 63, 63, 64, 62, 62, 64, 61, 62, 62, 62, 62, 62, 62, 60, 62, 64, 61, 63, 62, 64, 62, 62, 62, 62, 62, 62, 62, 61, 63, 62, 60, 62, 61, 61, 60, 61, 62, 59, 61, 61, 61, 61, 59, 59, 60, 61, 60, 60, 61, 59, 59, 58, 58, 58, 59, 60, 59, 60, 58, 58, 59, 61, 59, 59, 59, 59, 58, 58, 58, 58, 58, 57, 57, 58, 61, 57, 58, 58, 58, 57, 57, 55, 57, 58, 57, 58, 57, 58, 57, 56, 59, 57, 57, 59, 56, 56, 58, 56, 56, 58, 56, 55, 57, 57, 54, 55, 57, 56, 56, 57, 56, 56, 56, 56, 57, 55, 56, 55, 57, 54, 54, 55, 56, 56, 55, 55, 55, 54, 55, 52, 55, 54, 55, 56, 52, 54, 55, 53, 54, 52, 52, 50, 52, 52, 52, 52, 55, 51, 53, 53, 52, 53, 51, 51, 52, 52, 51, 51, 52, 51, 50, 50, 51, 51, 50, 50, 49, 51, 49, 49, 48, 48, 48, 48, 48, 47, 48
]}

{seqnr : 309,
data : [
49, 47, 47, 48, 49, 48, 49, 48, 49, 49, 48, 48, 51, 49, 49, 48, 49, 49, 49, 48, 46, 49, 48, 48, 46, 48, 48, 49, 47, 47, 47, 57, 56, 56, 56, 55, 56, 55, 57, 57, 56, 57, 58, 58, 57, 56, 57, 57, 57, 57, 56, 57, 57, 57, 57, 58, 55, 56, 55, 57, 57, 57, 58, 58, 57, 56, 57, 56, 55, 54, 51, 50, 45, 43, 39, 38, 38, 38, 39, 39, 38, 37, 38, 37, 37, 38, 39, 39, 40, 46, 49, 54, 57, 59, 60, 61, 62, 62, 61, 62, 63, 65, 62, 62, 63, 62, 63, 63, 65, 63, 62, 63, 64, 64, 62, 63, 63, 62, 63, 62, 63, 63, 62, 66, 65, 66, 65, 64, 62, 64, 64, 64, 63, 63, 63, 65, 64, 64, 64, 61, 64, 64, 65, 64, 64, 64, 65, 66, 64, 62, 64, 63, 63, 64, 64, 63, 62, 63, 64, 63, 64, 62, 64, 64, 64, 61, 63, 64, 64, 65, 66, 65, 64, 63, 63, 64, 65, 64, 62, 63, 63, 61, 63, 63, 64, 64, 63, 63, 61, 63, 61, 62, 62, 62, 63, 63, 62, 62, 63, 63, 63, 64, 64, 63, 62, 61, 63, 62, 63, 61, 62, 62, 62, 63, 61, 62, 63, 61, 62, 61, 62, 63, 61, 63, 61, 61, 61, 61, 61, 61, 60, 62, 61, 62, 62, 62, 60, 61, 61, 60, 62, 60, 60, 61, 60, 62, 60, 59, 59, 59, 57, 59, 60
]}

{seqnr : 310,
data : [
59, 60, 59, 59, 59, 59, 61, 58, 59, 60, 59, 58, 60, 60, 59, 59, 57, 58, 57, 57, 58, 57, 57, 57, 56, 57, 56, 56, 56, 57, 59, 57, 58, 57, 58, 58, 56, 58, 56, 57, 56, 56, 56, 57, 57, 56, 56, 57, 57, 56, 55, 55, 55, 56, 57, 56, 56, 56, 56, 56, 56, 55, 56, 56, 54, 55, 56, 56, 57, 55, 55, 53, 54, 54, 55, 54, 54, 56, 56, 54, 54, 55, 54, 53, 54, 53, 52, 52, 52, 51, 53, 53, 53, 54, 54, 53, 54, 52, 53, 54, 52, 53, 52, 52, 52, 51, 49, 52, 50, 52, 50, 51, 50, 50, 48, 49, 48, 50, 49, 49, 48, 48, 48, 49, 49, 49, 48, 48, 48, 50, 48, 48, 49, 50, 50, 49, 48, 49, 48, 49, 49, 49, 48, 48, 47, 50, 48, 47, 48, 47, 49, 48, 47, 47, 55, 56, 57, 57, 57, 56, 56, 55, 55, 57, 57, 57, 57, 56, 57, 58, 57, 58, 58, 57, 56, 57, 58, 57, 57, 55, 56, 57, 56, 60, 58, 56, 59, 57, 56, 57, 57, 56, 53, 51, 47, 45, 41, 38, 38, 38, 38, 38, 37, 38, 37, 37, 38, 38, 39, 39, 41, 44, 47, 52, 55, 57, 58, 62, 60, 63, 62, 62, 62, 63, 63, 63, 62, 64, 64, 62, 62, 62, 63, 64, 61, 63, 63, 64, 63, 64, 62, 61, 64, 63, 64, 64, 64, 65, 64, 64, 65, 65, 65
]}

{seqnr : 311,
data : [
65, 63, 64, 63, 62, 63, 63, 63, 64, 64, 62, 64, 64, 63, 63, 65, 64, 63, 64, 63, 63, 63, 64, 64, 62, 63, 64, 62, 64, 63, 64, 65, 64, 65, 64, 64, 63, 64, 65, 65, 63, 64, 65, 65, 65, 65, 64, 63, 65, 62, 63, 62, 64, 64, 64, 64, 64, 62, 63, 62, 63, 61, 62, 63, 63, 62, 63, 63, 62, 62, 63, 62, 62, 63, 62, 62, 63, 61, 62, 60, 62, 63, 61, 62, 62, 62, 62, 61, 61, 60, 63, 61, 62, 61, 59, 61, 62, 60, 61, 61, 62, 61, 61, 64, 61, 61, 60, 61, 62, 60, 60, 61, 61, 61, 62, 61, 60, 61, 59, 59, 58, 58, 60, 59, 59, 59, 60, 59, 60, 59, 61, 59, 61, 60, 58, 57, 59, 59, 57, 59, 58, 57, 56, 58, 58, 56, 58, 58, 57, 55, 57, 56, 57, 56, 56, 58, 58, 57, 58, 56, 57, 55, 57, 56, 56, 56, 56, 56, 57, 55, 56, 56, 56, 56, 56, 54, 55, 55, 55, 57, 55, 57, 56, 56, 56, 55, 56, 56, 55, 54, 56, 56, 56, 56, 55, 56, 54, 53, 55, 54, 55, 55, 55, 54, 53, 54, 54, 52, 53, 52, 53, 52, 51, 54, 54, 54, 53, 53, 54, 53, 52, 52, 53, 52, 53, 53, 53, 52, 50, 52, 50, 51, 49, 50, 50, 49, 50, 50, 49, 49, 49, 49, 50, 49, 51, 47, 49, 48, 48, 50, 49, 49, 49
]}

{seqnr : 312,
data : [
50, 48, 48, 48, 50, 49, 49, 49, 48, 49, 48, 49, 48, 47, 50, 48, 48, 48, 46, 47, 48, 47, 46, 46, 56, 57, 57, 56, 57, 55, 57, 56, 57, 56, 56, 56, 59, 56, 59, 56, 57, 57, 57, 57, 57, 56, 56, 57, 55, 58, 58, 58, 57, 58, 58, 59, 58, 58, 56, 56, 54, 54, 54, 50, 45, 43, 40, 38, 38, 37, 39, 38, 38, 38, 39, 37, 37, 38, 38, 39, 43, 45, 49, 54, 57, 59, 62, 61, 63, 64, 62, 61, 64, 62, 62, 63, 65, 63, 63, 64, 63, 62, 62, 64, 62, 63, 63, 61, 63, 62, 61, 63, 63, 65, 64, 64, 63, 63, 63, 65, 64, 63, 64, 65, 63, 64, 63, 63, 63, 63, 65, 64, 64, 63, 66, 65, 65, 64, 64, 64, 63, 62, 64, 63, 62, 63, 63, 65, 63, 62, 64, 64, 65, 64, 62, 64, 64, 64, 65, 64, 65, 64, 66, 65, 65, 63, 65, 65, 61, 65, 64, 62, 63, 62, 63, 64, 66, 65, 65, 64, 63, 61, 63, 62, 62, 63, 64, 63, 62, 63, 62, 63, 62, 62, 63, 61, 63, 62, 62, 63, 63, 63, 61, 62, 62, 62, 63, 60, 60, 62, 61, 61, 62, 61, 63, 62, 60, 63, 62, 61, 60, 60, 61, 61, 61, 61, 62, 61, 60, 62, 61, 59, 62, 61, 60, 61, 60, 61, 61, 60, 59, 61, 60, 58, 59, 60, 60, 59, 59, 59, 58, 60, 60
]}

{seqnr : 313,
data : [
59, 58, 58, 59, 58, 59, 59, 58, 57, 59, 59, 57, 56, 58, 58, 58, 59, 58, 57, 57, 56, 56, 56, 56, 55, 57, 58, 58, 57, 57, 59, 58, 56, 56, 56, 55, 56, 57, 54, 57, 56, 56, 57, 56, 55, 55, 56, 55, 54, 55, 56, 56, 56, 55, 56, 55, 57, 56, 54, 56, 55, 55, 55, 55, 55, 54, 56, 53, 52, 53, 54, 55, 54, 54, 54, 53, 53, 53, 53, 52, 52, 52, 52, 53, 53, 53, 56, 53, 52, 53, 54, 52, 52, 52, 54, 52, 51, 52, 52, 52, 52, 50, 49, 49, 49, 49, 49, 47, 49, 48, 48, 47, 50, 49, 50, 49, 48, 47, 50, 48, 49, 49, 48, 49, 48, 48, 49, 48, 50, 49, 49, 48, 48, 50, 47, 48, 49, 48, 49, 47, 47, 48, 49, 48, 48, 46, 45, 57, 57, 56, 57, 57, 56, 56, 55, 56, 55, 56, 57, 56, 54, 56, 56, 54, 56, 55, 56, 57, 56, 57, 56, 56, 57, 58, 56, 57, 57, 57, 58, 57, 56, 55, 57, 55, 54, 51, 49, 45, 41, 39, 38, 39, 38, 38, 37, 38, 36, 38, 37, 38, 38, 38, 40, 43, 47, 51, 53, 57, 59, 61, 62, 62, 64, 62, 60, 63, 66, 63, 63, 62, 64, 62, 62, 62, 62, 63, 63, 62, 62, 63, 64, 63, 63, 63, 63, 64, 63, 64, 65, 63, 61, 66, 65, 64, 64, 63, 65, 67, 63, 62, 64, 63, 65
]}

{seqnr : 314,
data : [
64, 64, 64, 64, 64, 64, 64, 64, 62, 63, 63, 64, 64, 62, 63, 65, 64, 64, 62, 62, 63, 63, 61, 63, 63, 62, 63, 62, 63, 65, 63, 65, 64, 65, 64, 64, 64, 63, 62, 62, 63, 63, 62, 62, 63, 65, 63, 64, 64, 64, 63, 62, 61, 61, 61, 63, 63, 62, 63, 62, 62, 61, 62, 64, 62, 62, 61, 63, 62, 61, 62, 61, 61, 62, 63, 62, 60, 62, 61, 63, 61, 62, 61, 62, 62, 61, 60, 62, 61, 61, 61, 61, 61, 61, 61, 60, 60, 61, 62, 60, 61, 61, 61, 60, 62, 61, 60, 60, 61, 58, 58, 58, 60, 60, 59, 57, 59, 58, 60, 59, 60, 58, 58, 58, 60, 59, 60, 58, 58, 59, 59, 58, 58, 57, 58, 59, 57, 56, 58, 57, 57, 57, 58, 57, 57, 58, 57, 56, 57, 56, 56, 56, 56, 56, 56, 57, 56, 55, 58, 56, 57, 55, 55, 56, 57, 56, 56, 55, 55, 55, 54, 55, 56, 57, 56, 56, 55, 55, 55, 56, 54, 54, 55, 56, 55, 55, 54, 55, 54, 53, 53, 53, 53, 53, 55, 53, 54, 53, 53, 54, 53, 53, 51, 52, 51, 51, 52, 54, 55, 53, 52, 52, 53, 53, 52, 53, 53, 51, 51, 53, 52, 51, 51, 52, 51, 51, 50, 49, 49, 50, 47, 49, 48, 49, 50, 49, 49, 48, 49, 49, 48, 48, 47, 48, 49, 49, 48, 48, 48, 48, 47, 49, 48
]}

{seqnr : 315,
data : [
49, 47, 48, 48, 48, 48, 48, 48, 47, 46, 48, 47, 49, 48, 46, 46, 47, 55, 56, 56, 56, 55, 56, 56, 55, 55, 57, 56, 56, 56, 57, 57, 58, 55, 55, 55, 57, 57, 58, 55, 57, 56, 57, 56, 57, 56, 56, 57, 59, 58, 56, 56, 55, 56, 54, 50, 47, 44, 41, 39, 37, 37, 37, 38, 36, 38, 38, 38, 38, 37, 37, 39, 41, 46, 49, 52, 55, 58, 60, 62, 62, 63, 62, 60, 61, 63, 62, 63, 63, 63, 64, 64, 60, 64, 62, 63, 62, 62, 63, 63, 64, 64, 62, 63, 63, 62, 61, 62, 62, 63, 65, 64, 64, 64, 63, 64, 64, 64, 64, 65, 64, 63, 64, 64, 62, 64, 63, 63, 63, 64, 64, 63, 64, 64, 62, 65, 64, 64, 63, 64, 63, 63, 61, 64, 62, 63, 62, 63, 62, 63, 63, 65, 64, 63, 66, 64, 65, 64, 63, 62, 63, 62, 62, 64, 63, 62, 64, 63, 63, 65, 64, 62, 62, 63, 62, 63, 61, 62, 62, 62, 62, 62, 63, 61, 62, 63, 62, 61, 62, 62, 62, 63, 61, 61, 62, 61, 61, 62, 63, 64, 63, 60, 61, 60, 61, 61, 61, 59, 62, 61, 61, 61, 61, 62, 61, 61, 61, 62, 59, 60, 61, 59, 63, 61, 62, 60, 61, 61, 60, 61, 60, 59, 59, 59, 58, 57, 57, 58, 61, 60, 60, 59, 58, 58, 59, 59, 58, 60, 60, 58, 57, 59, 58
]}

{seqnr : 316,
data : [
57, 58, 56, 57, 57, 59, 58, 56, 58, 57, 57, 59, 57, 56, 57, 56, 57, 56, 57, 58, 57, 56, 56, 55, 55, 58, 56, 55, 57, 56, 56, 56, 55, 56, 55, 56, 57, 57, 57, 54, 54, 56, 55, 55, 55, 55, 55, 55, 54, 55, 56, 56, 55, 55, 55, 54, 54, 53, 54, 54, 52, 53, 54, 54, 54, 54, 54, 53, 52, 54, 52, 52, 52, 51, 50, 51, 53, 52, 53, 53, 53, 53, 53, 52, 51, 52, 52, 52, 54, 53, 52, 51, 52, 51, 50, 49, 50, 49, 50, 48, 49, 49, 48, 49, 49, 48, 48, 50, 48, 49, 49, 49, 48, 47, 48, 48, 50, 49, 48, 49, 47, 48, 48, 48, 49, 49, 47, 48, 47, 48, 47, 46, 47, 48, 47, 48, 47, 47, 47, 47, 55, 56, 56, 57, 56, 56, 55, 57, 56, 56, 58, 55, 57, 56, 56, 56, 57, 56, 56, 56, 56, 57, 56, 55, 57, 56, 58, 57, 57, 58, 57, 55, 56, 56, 57, 56, 54, 51, 48, 44, 41, 39, 37, 37, 37, 38, 39, 38, 37, 37, 37, 38, 36, 38, 40, 42, 46, 50, 54, 58, 58, 61, 60, 62, 62, 62, 60, 61, 61, 63, 62, 62, 61, 63, 63, 63, 63, 61, 62, 63, 62, 63, 63, 64, 63, 62, 63, 62, 63, 64, 63, 61, 64, 64, 63, 63, 65, 63, 64, 63, 63, 63, 65, 64, 63, 65, 63, 64, 64, 64, 64, 64, 64
]}

{seqnr : 317,
data : [
62, 63, 61, 63, 64, 64, 63, 62, 61, 64, 63, 63, 63, 63, 61, 61, 64, 61, 62, 63, 63, 61, 65, 64, 64, 66, 64, 64, 64, 63, 64, 62, 62, 63, 64, 64, 62, 63, 63, 63, 64, 62, 63, 63, 63, 63, 63, 63, 64, 62, 63, 61, 62, 61, 62, 63, 63, 62, 62, 61, 61, 60, 61, 62, 62, 61, 62, 63, 61, 62, 61, 62, 62, 61, 62, 59, 61, 61, 60, 61, 61, 59, 61, 61, 62, 62, 61, 61, 60, 59, 59, 60, 61, 60, 60, 62, 59, 60, 60, 61, 60, 59, 60, 59, 57, 57, 58, 59, 59, 59, 59, 60, 59, 58, 58, 59, 60, 59, 58, 57, 59, 58, 58, 57, 56, 58, 57, 58, 58, 59, 59, 58, 56, 57, 56, 57, 57, 56, 58, 57, 57, 58, 57, 57, 56, 56, 55, 56, 55, 56, 54, 57, 58, 57, 55, 56, 54, 56, 56, 56, 56, 56, 56, 55, 54, 56, 56, 56, 55, 55, 54, 54, 56, 55, 55, 55, 55, 55, 55, 56, 54, 54, 53, 53, 55, 53, 54, 54, 55, 53, 53, 52, 54, 53, 54, 52, 51, 52, 52, 52, 52, 52, 53, 54, 52, 53, 52, 51, 51, 53, 53, 51, 52, 51, 51, 53, 50, 49, 50, 47, 49, 49, 48, 50, 49, 47, 49, 48, 48, 49, 48, 49, 49, 48, 46, 48, 48, 48, 49, 48, 49, 49, 50, 49, 49, 49, 48, 48, 47, 47, 47, 46, 47
]}

{seqnr : 318,
data : [
46, 46, 46, 47, 46, 48, 47, 47, 47, 46, 56, 56, 55, 57, 58, 56, 56, 56, 56, 57, 57, 56, 55, 58, 54, 55, 56, 55, 57, 56, 57, 57, 57, 56, 58, 57, 57, 58, 57, 58, 56, 56, 56, 55, 56, 55, 52, 50, 45, 42, 40, 39, 37, 37, 36, 38, 38, 38, 38, 38, 38, 37, 38, 38, 41, 44, 49, 53, 55, 58, 59, 61, 61, 62, 62, 63, 62, 61, 61, 62, 61, 64, 61, 63, 62, 62, 61, 62, 61, 64, 63, 62, 63, 63, 63, 61, 63, 63, 65, 64, 63, 62, 64, 63, 64, 64, 63, 64, 65, 63, 63, 64, 63, 64, 63, 63, 63, 64, 62, 63, 64, 64, 63, 62, 63, 64, 64, 65, 66, 65, 63, 62, 62, 62, 64, 63, 61, 62, 62, 62, 64, 64, 63, 64, 64, 63, 64, 63, 65, 64, 64, 65, 62, 63, 63, 62, 64, 64, 63, 64, 64, 64, 63, 63, 63, 63, 62, 62, 63, 63, 63, 63, 63, 61, 62, 64, 62, 62, 62, 63, 63, 62, 61, 61, 60, 63, 63, 63, 62, 63, 62, 62, 61, 62, 61, 61, 60, 62, 63, 61, 60, 62, 61, 62, 61, 61, 59, 59, 63, 61, 60, 60, 60, 61, 61, 60, 61, 60, 60, 62, 62, 61, 61, 59, 60, 60, 59, 59, 59, 59, 57, 58, 58, 58, 59, 58, 60, 59, 58, 57, 57, 59, 58, 59, 59, 58, 58, 58, 58, 57, 58, 57, 58
]}

{seqnr : 319,
data : [
57, 57, 59, 58, 57, 55, 56, 56, 57, 56, 56, 56, 56, 58, 56, 56, 56, 55, 56, 56, 55, 55, 55, 57, 56, 55, 56, 55, 56, 56, 55, 53, 56, 55, 56, 55, 57, 55, 55, 55, 55, 54, 56, 56, 54, 55, 54, 53, 53, 53, 54, 54, 54, 53, 54, 54, 54, 55, 55, 53, 54, 54, 53, 52, 52, 51, 52, 52, 54, 53, 54, 52, 53, 52, 54, 53, 51, 51, 52, 53, 51, 54, 52, 52, 51, 52, 50, 49, 48, 49, 50, 49, 50, 48, 48, 49, 50, 49, 48, 48, 49, 49, 48, 48, 48, 48, 48, 48, 48, 50, 49, 50, 50, 49, 49, 49, 49, 48, 49, 49, 48, 48, 46, 46, 46, 47, 47, 48, 48, 47, 47, 48, 48, 55, 55, 55, 56, 56, 56, 56, 56, 56, 55, 56, 56, 55, 57, 57, 56, 55, 57, 56, 56, 57, 56, 56, 57, 56, 57, 58, 56, 57, 56, 57, 55, 55, 55, 54, 53, 52, 47, 45, 40, 38, 38, 38, 38, 38, 38, 38, 38, 37, 39, 36, 38, 39, 40, 43, 47, 50, 54, 58, 58, 59, 60, 62, 61, 62, 61, 62, 62, 62, 61, 62, 63, 62, 64, 61, 62, 62, 62, 63, 61, 61, 62, 64, 63, 62, 63, 62, 62, 63, 64, 62, 63, 63, 64, 64, 65, 65, 64, 63, 62, 64, 64, 62, 63, 64, 64, 65, 64, 63, 64, 63, 63, 63, 65, 63, 63, 65, 64, 66, 64
]}

{seqnr : 320,
data : [
63, 64, 61, 63, 64, 63, 63, 61, 62, 63, 63, 62, 63, 63, 64, 63, 63, 64, 64, 64, 63, 63, 65, 62, 64, 61, 64, 64, 64, 64, 65, 64, 63, 62, 62, 64, 62, 63, 63, 64, 63, 65, 64, 63, 62, 63, 63, 63, 62, 61, 64, 62, 63, 61, 61, 61, 63, 61, 62, 63, 62, 62, 61, 61, 62, 59, 61, 61, 60, 62, 61, 61, 60, 61, 60, 59, 60, 61, 60, 62, 59, 59, 59, 61, 61, 61, 63, 60, 60, 61, 59, 60, 60, 59, 60, 61, 60, 60, 59, 60, 59, 59, 59, 57, 59, 58, 58, 59, 58, 59, 57, 58, 58, 58, 58, 59, 59, 59, 58, 57, 59, 59, 59, 55, 58, 58, 58, 57, 56, 57, 55, 56, 56, 55, 56, 56, 55, 56, 56, 55, 55, 55, 55, 55, 56, 55, 55, 56, 55, 57, 55, 55, 56, 54, 55, 55, 56, 55, 55, 55, 57, 55, 54, 55, 55, 56, 56, 54, 55, 53, 55, 53, 54, 54, 55, 55, 55, 55, 55, 53, 53, 55, 53, 52, 52, 53, 52, 50, 51, 52, 51, 52, 52, 53, 52, 51, 51, 52, 52, 52, 52, 53, 53, 52, 53, 53, 51, 51, 50, 51, 49, 49, 48, 49, 50, 49, 49, 49, 49, 50, 49, 47, 48, 50, 49, 48, 48, 48, 49, 49, 49, 47, 49, 50, 49, 49, 50, 48, 49, 48, 47, 48, 48, 47, 49, 47, 47, 46, 47, 46, 47, 46, 46
]}

{seqnr : 321,
data : [
47, 48, 48, 56, 55, 54, 56, 55, 56, 55, 55, 56, 57, 55, 55, 56, 56, 56, 57, 56, 59, 57, 56, 56, 57, 56, 58, 56, 55, 56, 56, 57, 56, 56, 56, 55, 55, 55, 54, 48, 46, 41, 39, 38, 37, 37, 38, 37, 37, 37, 37, 36, 36, 38, 38, 38, 41, 45, 49, 52, 56, 58, 60, 60, 62, 61, 62, 63, 61, 61, 61, 61, 63, 61, 63, 61, 63, 63, 63, 62, 62, 60, 60, 63, 63, 62, 64, 64, 64, 63, 63, 62, 63, 64, 62, 62, 64, 63, 62, 64, 65, 63, 62, 62, 64, 62, 62, 63, 63, 65, 64, 63, 64, 65, 63, 65, 64, 63, 64, 64, 64, 65, 63, 62, 62, 64, 62, 64, 64, 62, 62, 62, 64, 63, 65, 64, 62, 62, 63, 62, 62, 64, 64, 63, 63, 62, 62, 62, 62, 64, 64, 63, 63, 63, 63, 63, 64, 63, 63, 62, 62, 61, 60, 63, 62, 61, 62, 63, 62, 61, 61, 61, 62, 61, 62, 64, 63, 62, 62, 61, 62, 62, 64, 62, 62, 62, 62, 62, 60, 60, 60, 61, 62, 62, 62, 62, 60, 59, 60, 61, 61, 61, 60, 59, 59, 60, 62, 61, 60, 61, 62, 60, 61, 60, 59, 59, 59, 59, 60, 61, 59, 60, 58, 60, 59, 59, 60, 60, 59, 58, 59, 59, 58, 57, 58, 58, 60, 59, 57, 57, 57, 57, 56, 58, 59, 57, 59, 58, 58, 56, 55, 57, 58
]}

{seqnr : 322,
data : [
57, 57, 56, 55, 56, 57, 57, 58, 56, 55, 56, 57, 56, 56, 55, 54, 55, 55, 55, 55, 55, 55, 55, 56, 56, 55, 55, 56, 56, 54, 55, 56, 56, 55, 56, 56, 55, 55, 54, 55, 54, 53, 54, 53, 54, 55, 54, 53, 55, 54, 54, 54, 54, 52, 52, 52, 52, 52, 53, 52, 50, 51, 53, 53, 53, 54, 53, 53, 51, 52, 52, 52, 51, 52, 52, 52, 51, 51, 50, 49, 49, 49, 49, 49, 48, 49, 50, 49, 49, 48, 49, 48, 49, 49, 50, 49, 49, 51, 48, 49, 48, 47, 49, 50, 49, 49, 49, 49, 48, 49, 49, 49, 48, 48, 48, 47, 48, 48, 47, 46, 48, 48, 48, 49, 46, 46, 56, 57, 56, 58, 57, 55, 55, 57, 56, 56, 56, 56, 56, 56, 56, 57, 56, 56, 56, 57, 56, 57, 57, 57, 58, 57, 56, 56, 57, 56, 54, 55, 54, 55, 54, 53, 47, 44, 41, 39, 38, 38, 37, 37, 37, 36, 37, 38, 38, 37, 38, 38, 40, 42, 45, 51, 54, 57, 58, 60, 62, 62, 62, 62, 61, 61, 63, 62, 62, 63, 64, 63, 63, 62, 63, 62, 61, 62, 62, 62, 63, 62, 64, 64, 64, 64, 63, 63, 63, 62, 63, 63, 63, 63, 63, 63, 63, 65, 62, 64, 63, 64, 63, 64, 65, 63, 63, 63, 62, 63, 64, 63, 64, 65, 64, 65, 65, 66, 65, 64, 62, 64, 64, 64, 63, 62, 65
]}

{seqnr : 323,
data : [
63, 63, 65, 64, 63, 62, 65, 64, 64, 62, 64, 63, 64, 65, 63, 63, 64, 62, 60, 63, 64, 64, 65, 66, 62, 63, 63, 63, 63, 63, 64, 62, 62, 63, 64, 62, 63, 61, 63, 62, 62, 64, 65, 62, 62, 61, 62, 63, 64, 61, 63, 63, 63, 61, 62, 62, 61, 60, 60, 62, 62, 61, 63, 61, 62, 62, 59, 60, 60, 61, 60, 61, 59, 61, 62, 61, 60, 61, 60, 60, 60, 60, 60, 61, 61, 59, 60, 60, 59, 59, 58, 60, 59, 60, 60, 60, 60, 60, 58, 58, 59, 58, 59, 58, 59, 58, 59, 59, 59, 58, 58, 56, 57, 58, 57, 59, 60, 59, 57, 59, 57, 57, 56, 55, 56, 56, 55, 56, 56, 57, 55, 57, 55, 56, 57, 58, 57, 56, 54, 55, 56, 56, 56, 55, 54, 56, 55, 57, 55, 56, 56, 55, 57, 55, 56, 55, 56, 55, 56, 56, 55, 55, 53, 53, 53, 53, 54, 53, 57, 54, 55, 56, 53, 55, 55, 56, 54, 53, 53, 52, 51, 52, 52, 51, 52, 51, 52, 53, 52, 53, 54, 52, 52, 53, 52, 53, 51, 52, 52, 52, 52, 51, 49, 50, 49, 49, 48, 49, 49, 48, 50, 49, 49, 49, 50, 48, 50, 48, 50, 48, 50, 48, 49, 49, 49, 49, 48, 49, 50, 50, 50, 47, 47, 49, 50, 47, 49, 48, 48, 46, 48, 47, 46, 48, 48, 47, 47, 48, 47, 56, 56, 57, 56
]}

{seqnr : 324,
data : [
56, 56, 57, 55, 57, 54, 55, 55, 58, 56, 56, 56, 56, 55, 56, 57, 56, 58, 57, 57, 56, 56, 57, 56, 56, 57, 58, 56, 55, 55, 53, 48, 47, 42, 39, 38, 39, 38, 37, 37, 38, 37, 39, 38, 37, 37, 37, 38, 41, 45, 48, 53, 56, 57, 61, 60, 61, 60, 61, 60, 62, 62, 59, 61, 63, 60, 63, 63, 63, 62, 62, 61, 62, 62, 61, 63, 62, 63, 64, 63, 65, 64, 64, 62, 64, 63, 64, 63, 63, 65, 64, 63, 62, 63, 65, 63, 61, 62, 63, 64, 63, 63, 63, 63, 64, 63, 64, 62, 64, 64, 64, 65, 66, 65, 63, 63, 62, 65, 63, 63, 64, 64, 63, 62, 63, 64, 63, 64, 64, 65, 63, 63, 64, 63, 62, 65, 63, 63, 63, 62, 62, 62, 63, 63, 62, 62, 63, 62, 62, 62, 62, 64, 63, 62, 62, 63, 61, 63, 62, 61, 61, 63, 62, 64, 61, 63, 61, 62, 63, 62, 62, 63, 62, 62, 64, 63, 62, 62, 61, 62, 62, 62, 64, 61, 63, 59, 61, 60, 60, 60, 60, 59, 60, 61, 60, 60, 62, 61, 59, 59, 60, 61, 60, 61, 61, 60, 59, 59, 61, 60, 61, 60, 59, 59, 59, 58, 60, 59, 60, 60, 60, 59, 60, 58, 58, 59, 58, 57, 58, 59, 58, 58, 58, 57, 56, 57, 57, 57, 58, 57, 58, 57, 56, 56, 57, 57, 56, 57, 56, 56, 55, 56, 56
]}

{seqnr : 325,
data : [
57, 56, 57, 56, 55, 56, 57, 56, 56, 55, 54, 54, 55, 55, 55, 55, 54, 54, 56, 56, 56, 55, 55, 55, 56, 55, 56, 56, 55, 53, 55, 55, 53, 54, 54, 54, 54, 54, 55, 55, 55, 53, 54, 54, 54, 53, 52, 52, 51, 52, 53, 53, 53, 51, 53, 53, 52, 51, 52, 53, 54, 54, 53, 52, 52, 51, 53, 51, 51, 52, 51, 51, 50, 49, 50, 48, 47, 49, 47, 51, 49, 48, 48, 48, 48, 49, 47, 48, 49, 49, 49, 49, 50, 49, 49, 49, 49, 49, 50, 49, 50, 49, 49, 48, 49, 48, 48, 47, 48, 47, 48, 48, 47, 48, 48, 48, 48, 47, 47, 55, 56, 57, 57, 56, 55, 57, 55, 55, 58, 58, 57, 56, 54, 57, 57, 56, 56, 57, 57, 58, 56, 58, 58, 55, 57, 56, 56, 58, 56, 56, 55, 54, 55, 51, 48, 42, 42, 39, 38, 38, 38, 37, 37, 38, 38, 38, 38, 37, 38, 38, 40, 42, 47, 51, 53, 58, 60, 59, 61, 61, 60, 61, 62, 61, 61, 62, 61, 61, 62, 63, 63, 62, 62, 62, 63, 62, 61, 61, 62, 62, 62, 64, 64, 64, 65, 63, 63, 64, 64, 64, 64, 63, 64, 65, 63, 62, 63, 64, 63, 65, 63, 63, 64, 63, 65, 64, 66, 63, 63, 65, 63, 63, 65, 66, 65, 64, 64, 64, 64, 64, 64, 65, 62, 66, 63, 65, 64, 64, 63, 63, 64, 62, 64
]}

{seqnr : 326,
data : [
63, 62, 63, 64, 63, 63, 64, 63, 63, 61, 61, 62, 65, 63, 64, 63, 63, 63, 63, 61, 62, 62, 61, 63, 63, 62, 64, 61, 62, 61, 63, 61, 63, 61, 61, 63, 63, 62, 62, 63, 62, 62, 63, 63, 63, 62, 61, 61, 62, 62, 61, 63, 61, 62, 62, 61, 60, 60, 58, 61, 60, 61, 62, 62, 60, 61, 61, 62, 60, 60, 60, 60, 60, 59, 60, 59, 60, 58, 59, 60, 61, 60, 60, 59, 58, 58, 59, 60, 60, 59, 58, 59, 58, 59, 58, 57, 59, 58, 56, 56, 58, 59, 58, 59, 57, 56, 58, 58, 57, 58, 56, 57, 59, 58, 58, 58, 57, 57, 57, 56, 55, 55, 56, 57, 56, 56, 55, 56, 56, 55, 57, 56, 56, 54, 55, 55, 55, 55, 53, 54, 55, 57, 55, 57, 56, 54, 54, 55, 55, 56, 55, 56, 55, 54, 55, 53, 53, 52, 53, 54, 55, 54, 55, 57, 56, 55, 54, 53, 53, 52, 53, 53, 53, 52, 51, 53, 54, 54, 53, 52, 52, 52, 52, 53, 51, 52, 53, 51, 53, 51, 51, 51, 53, 53, 51, 50, 50, 49, 49, 49, 50, 49, 49, 49, 49, 48, 48, 47, 48, 48, 50, 50, 48, 49, 48, 49, 49, 49, 50, 49, 48, 49, 49, 49, 49, 48, 48, 48, 48, 48, 49, 49, 47, 47, 47, 47, 49, 47, 48, 48, 48, 47, 55, 56, 56, 58, 56, 55, 55, 56, 55, 55, 55
]}

{seqnr : 327,
data : [
57, 56, 57, 56, 57, 55, 56, 55, 56, 58, 57, 56, 59, 56, 56, 57, 56, 57, 57, 57, 55, 54, 52, 49, 45, 42, 40, 38, 38, 37, 37, 37, 36, 37, 37, 37, 36, 36, 38, 40, 41, 44, 49, 54, 56, 57, 58, 60, 62, 62, 63, 61, 62, 62, 62, 61, 63, 62, 62, 63, 64, 65, 62, 61, 62, 62, 61, 62, 62, 63, 63, 63, 62, 64, 61, 63, 63, 64, 63, 64, 63, 63, 63, 64, 62, 62, 65, 62, 63, 64, 64, 64, 64, 62, 64, 62, 63, 65, 63, 65, 63, 63, 64, 64, 65, 65, 64, 62, 64, 63, 64, 63, 64, 64, 64, 63, 65, 62, 63, 64, 64, 62, 64, 63, 62, 63, 63, 62, 63, 62, 62, 62, 61, 62, 63, 63, 63, 63, 64, 62, 64, 64, 61, 62, 60, 62, 62, 62, 62, 63, 61, 61, 59, 61, 62, 63, 62, 61, 62, 62, 60, 62, 62, 62, 62, 63, 59, 61, 63, 63, 62, 59, 61, 62, 61, 62, 62, 63, 61, 61, 61, 59, 59, 61, 61, 61, 61, 61, 62, 63, 61, 61, 60, 59, 62, 59, 60, 61, 59, 60, 58, 59, 57, 59, 60, 59, 60, 60, 58, 59, 58, 58, 57, 59, 58, 59, 59, 58, 58, 58, 59, 59, 57, 57, 58, 59, 59, 57, 57, 57, 58, 58, 58, 57, 58, 58, 57, 58, 56, 58, 57, 58, 55, 55, 57, 54, 55, 57, 57, 55, 56, 56, 56
]}

{seqnr : 328,
data : [
56, 56, 56, 56, 56, 55, 54, 54, 55, 55, 56, 56, 54, 55, 56, 54, 54, 54, 56, 55, 55, 55, 55, 54, 54, 53, 53, 54, 53, 53, 54, 55, 56, 54, 55, 55, 54, 55, 54, 52, 52, 51, 52, 52, 50, 53, 52, 51, 52, 54, 52, 52, 51, 53, 52, 52, 51, 52, 51, 52, 52, 51, 51, 51, 52, 50, 50, 49, 48, 49, 48, 48, 48, 48, 49, 48, 47, 49, 48, 48, 49, 49, 48, 49, 49, 50, 49, 50, 47, 48, 47, 47, 49, 48, 48, 48, 46, 49, 49, 48, 47, 47, 48, 46, 47, 48, 48, 49, 48, 46, 46, 47, 55, 56, 55, 58, 56, 56, 56, 54, 58, 56, 57, 54, 55, 56, 57, 56, 58, 56, 57, 56, 56, 56, 57, 55, 57, 57, 55, 56, 55, 57, 54, 53, 56, 50, 47, 44, 40, 39, 38, 36, 37, 37, 37, 36, 37, 36, 37, 38, 38, 38, 40, 42, 46, 50, 55, 56, 58, 60, 60, 60, 62, 63, 60, 61, 62, 62, 61, 63, 61, 62, 62, 63, 62, 64, 62, 63, 63, 61, 62, 62, 61, 64, 62, 64, 61, 62, 62, 63, 64, 64, 63, 63, 64, 64, 63, 62, 62, 61, 61, 63, 64, 64, 65, 63, 63, 63, 63, 65, 63, 62, 62, 63, 63, 64, 64, 65, 65, 62, 64, 62, 64, 64, 62, 63, 64, 63, 63, 63, 63, 64, 61, 62, 64, 63, 65, 62, 63, 63, 63, 63, 61
]}

{seqnr : 329,
data : [
62, 61, 62, 62, 63, 61, 61, 63, 63, 62, 62, 63, 62, 63, 63, 63, 61, 62, 64, 63, 60, 64, 62, 63, 62, 62, 63, 61, 63, 62, 61, 61, 62, 62, 63, 62, 62, 60, 61, 63, 61, 62, 62, 60, 62, 62, 62, 61, 60, 63, 60, 60, 59, 61, 60, 60, 60, 60, 61, 62, 62, 59, 59, 61, 61, 62, 61, 60, 59, 59, 58, 58, 58, 56, 58, 58, 59, 60, 59, 58, 58, 59, 59, 59, 60, 58, 59, 57, 57, 58, 58, 59, 58, 57, 57, 57, 57, 57, 59, 57, 58, 59, 58, 58, 58, 58, 56, 59, 58, 56, 56, 57, 56, 56, 56, 56, 56, 57, 56, 56, 56, 57, 56, 56, 57, 55, 57, 57, 55, 56, 54, 55, 55, 55, 55, 55, 54, 54, 54, 56, 54, 55, 55, 54, 53, 55, 53, 55, 54, 53, 53, 55, 53, 54, 55, 56, 55, 54, 55, 56, 52, 52, 53, 53, 52, 52, 52, 51, 52, 52, 52, 52, 54, 52, 53, 51, 52, 51, 52, 51, 51, 52, 51, 52, 51, 51, 52, 51, 50, 51, 49, 47, 48, 47, 49, 49, 48, 50, 48, 50, 49, 50, 48, 49, 49, 47, 48, 48, 48, 48, 49, 49, 50, 49, 49, 48, 48, 48, 47, 47, 48, 47, 47, 49, 48, 48, 47, 48, 47, 47, 48, 47, 46, 47, 46, 55, 57, 56, 56, 55, 55, 56, 54, 54, 55, 56, 56, 57, 57, 55, 55, 57, 56
]}

{seqnr : 330,
data : [
55, 56, 57, 56, 57, 56, 55, 57, 56, 57, 55, 55, 54, 54, 49, 48, 44, 44, 40, 38, 38, 36, 37, 37, 36, 37, 36, 36, 37, 36, 38, 39, 40, 45, 48, 52, 56, 58, 58, 60, 60, 61, 62, 62, 60, 62, 63, 62, 63, 61, 64, 63, 62, 62, 62, 63, 63, 63, 63, 62, 62, 62, 61, 62, 60, 62, 62, 62, 62, 63, 64, 64, 64, 61, 63, 62, 63, 63, 62, 62, 63, 63, 62, 64, 63, 63, 64, 62, 64, 63, 62, 62, 60, 61, 63, 63, 65, 64, 64, 64, 64, 64, 65, 62, 63, 62, 63, 64, 66, 64, 62, 61, 64, 62, 62, 62, 64, 64, 64, 65, 63, 62, 61, 62, 61, 62, 62, 62, 62, 61, 60, 63, 63, 62, 62, 61, 61, 63, 61, 63, 63, 63, 63, 62, 60, 62, 62, 61, 63, 62, 61, 61, 63, 62, 63, 62, 62, 62, 62, 60, 62, 62, 62, 61, 63, 62, 60, 61, 63, 63, 62, 62, 61, 61, 60, 59, 61, 60, 60, 61, 61, 60, 61, 60, 62, 61, 61, 61, 59, 61, 61, 60, 59, 59, 57, 57, 57, 60, 57, 58, 59, 59, 60, 61, 58, 60, 58, 60, 59, 58, 58, 57, 57, 57, 58, 59, 58, 58, 57, 58, 56, 56, 58, 57, 57, 59, 57, 58, 55, 56, 57, 59, 57, 56, 57, 56, 55, 55, 57, 56, 56, 57, 54, 57, 55, 55, 55, 56, 56, 54, 55, 56, 56
]}

{seqnr : 331,
data : [
56, 55, 54, 54, 55, 54, 54, 55, 53, 56, 54, 54, 55, 55, 55, 54, 53, 54, 55, 53, 52, 54, 54, 55, 56, 54, 54, 55, 55, 53, 54, 53, 53, 52, 51, 52, 50, 52, 53, 52, 53, 53, 53, 53, 53, 53, 53, 54, 51, 52, 52, 51, 51, 50, 51, 51, 51, 51, 50, 51, 50, 48, 48, 48, 49, 48, 51, 49, 48, 51, 49, 49, 49, 50, 48, 49, 49, 49, 48, 49, 49, 49, 48, 49, 49, 48, 48, 49, 48, 48, 49, 48, 48, 48, 48, 46, 46, 48, 48, 46, 49, 47, 47, 47, 46, 55, 55, 55, 55, 54, 52, 55, 55, 57, 54, 56, 56, 56, 54, 56, 55, 55, 55, 56, 56, 55, 56, 55, 56, 55, 57, 55, 56, 57, 56, 54, 50, 49, 46, 43, 40, 38, 39, 37, 38, 38, 37, 38, 37, 38, 36, 36, 36, 38, 39, 42, 45, 50, 53, 58, 58, 59, 61, 59, 60, 60, 60, 62, 62, 61, 62, 63, 64, 62, 64, 62, 63, 63, 61, 63, 63, 63, 61, 62, 62, 61, 62, 61, 63, 62, 61, 60, 62, 63, 63, 62, 63, 65, 63, 63, 63, 62, 62, 64, 64, 64, 63, 63, 63, 62, 63, 63, 62, 62, 62, 62, 63, 63, 65, 65, 64, 64, 65, 63, 63, 63, 63, 61, 64, 63, 65, 62, 63, 64, 62, 64, 63, 63, 62, 64, 63, 63, 62, 61, 62, 61, 60, 61, 62, 61, 63, 61, 62
]}

{seqnr : 332,
data : [
62, 62, 63, 63, 60, 61, 60, 62, 63, 62, 63, 61, 63, 62, 63, 62, 63, 63, 63, 62, 62, 63, 62, 61, 63, 63, 62, 61, 63, 62, 61, 62, 62, 61, 61, 63, 60, 62, 61, 64, 61, 62, 61, 61, 60, 61, 61, 62, 62, 61, 60, 60, 60, 59, 60, 61, 62, 59, 59, 60, 60, 59, 58, 59, 58, 59, 58, 60, 58, 57, 59, 58, 60, 59, 59, 59, 61, 58, 58, 59, 58, 58, 57, 56, 57, 59, 59, 59, 57, 57, 57, 57, 55, 58, 58, 59, 57, 58, 57, 57, 58, 58, 56, 56, 58, 57, 55, 55, 55, 56, 58, 57, 55, 55, 54, 54, 55, 56, 57, 57, 55, 56, 53, 55, 55, 54, 53, 54, 54, 53, 54, 55, 54, 53, 54, 54, 54, 54, 54, 54, 54, 53, 53, 55, 53, 54, 54, 56, 56, 56, 53, 54, 55, 53, 54, 53, 53, 52, 51, 52, 50, 51, 52, 52, 52, 54, 52, 51, 51, 53, 52, 51, 51, 50, 52, 51, 50, 51, 52, 52, 51, 50, 50, 49, 48, 48, 49, 50, 48, 49, 49, 48, 49, 48, 48, 50, 49, 49, 48, 49, 50, 50, 48, 48, 48, 47, 47, 48, 49, 49, 49, 48, 48, 47, 47, 47, 47, 46, 48, 47, 49, 47, 48, 47, 46, 46, 46, 46, 54, 57, 56, 55, 54, 56, 54, 56, 56, 55, 55, 56, 55, 57, 54, 57, 55, 56, 55, 56, 55, 56, 56, 55, 55
]}

{seqnr : 333,
data : [
55, 56, 56, 54, 54, 54, 52, 47, 45, 42, 39, 37, 37, 38, 38, 37, 38, 37, 36, 37, 37, 37, 38, 39, 41, 44, 49, 52, 53, 58, 58, 61, 60, 62, 62, 61, 62, 60, 62, 61, 63, 62, 62, 64, 62, 62, 61, 62, 62, 62, 62, 62, 62, 62, 62, 62, 63, 61, 62, 61, 60, 62, 62, 63, 63, 63, 63, 64, 63, 61, 63, 61, 62, 61, 64, 63, 63, 61, 63, 62, 64, 63, 62, 60, 62, 64, 63, 63, 65, 64, 63, 64, 63, 63, 63, 64, 63, 64, 62, 62, 64, 63, 63, 62, 63, 63, 63, 62, 63, 64, 63, 66, 63, 62, 61, 60, 63, 61, 61, 61, 60, 62, 61, 62, 62, 63, 63, 62, 62, 61, 62, 62, 62, 62, 63, 63, 62, 62, 62, 62, 62, 63, 62, 62, 61, 62, 60, 62, 63, 63, 61, 61, 61, 61, 62, 61, 61, 61, 61, 60, 64, 63, 60, 61, 62, 61, 62, 62, 62, 60, 60, 60, 60, 59, 61, 59, 59, 60, 61, 59, 60, 59, 59, 61, 59, 60, 59, 59, 59, 59, 59, 58, 60, 57, 58, 59, 59, 59, 58, 59, 59, 60, 59, 57, 58, 58, 57, 56, 58, 56, 58, 58, 58, 58, 56, 58, 59, 57, 57, 57, 57, 57, 57, 56, 58, 57, 57, 57, 56, 55, 56, 56, 57, 57, 56, 56, 56, 56, 55, 57, 56, 55, 56, 56, 56, 56, 56, 54, 53, 55, 54, 54, 55
]}

{seqnr : 334,
data : [
54, 54, 53, 55, 55, 53, 56, 55, 54, 54, 55, 54, 54, 54, 54, 53, 54, 54, 54, 54, 54, 54, 53, 53, 54, 52, 52, 50, 52, 51, 52, 53, 53, 50, 52, 53, 50, 51, 52, 51, 51, 52, 51, 51, 51, 51, 51, 51, 51, 52, 51, 50, 50, 49, 49, 48, 49, 49, 49, 50, 50, 48, 49, 49, 47, 48, 48, 50, 49, 49, 49, 50, 48, 48, 48, 48, 48, 48, 48, 48, 49, 48, 48, 49, 48, 48, 47, 49, 46, 48, 47, 48, 46, 48, 46, 46, 48, 47, 56, 54, 56, 54, 55, 55, 55, 56, 56, 54, 55, 55, 56, 56, 56, 55, 55, 56, 57, 55, 55, 55, 55, 56, 57, 55, 54, 56, 53, 53, 52, 50, 47, 43, 40, 38, 37, 37, 37, 36, 37, 37, 38, 37, 36, 36, 37, 39, 40, 42, 46, 51, 53, 56, 58, 59, 59, 61, 62, 60, 61, 61, 61, 61, 62, 61, 63, 62, 62, 61, 62, 61, 62, 63, 63, 62, 64, 61, 60, 61, 62, 63, 61, 61, 60, 62, 62, 62, 60, 63, 61, 63, 63, 62, 62, 63, 61, 63, 62, 63, 64, 62, 61, 62, 63, 62, 64, 61, 62, 62, 63, 65, 65, 64, 63, 62, 63, 63, 62, 64, 63, 62, 62, 63, 65, 65, 63, 64, 63, 62, 64, 62, 61, 61, 62, 63, 63, 62, 62, 61, 63, 62, 62, 63, 63, 61, 60, 61, 61, 60, 62, 60, 64, 63, 62
]}

{seqnr : 335,
data : [
61, 61, 62, 62, 64, 63, 63, 62, 61, 62, 61, 63, 62, 62, 60, 60, 61, 63, 62, 62, 60, 61, 61, 60, 61, 63, 61, 62, 61, 61, 62, 63, 62, 62, 60, 61, 61, 61, 60, 60, 59, 59, 60, 60, 60, 60, 58, 60, 58, 61, 60, 59, 59, 57, 58, 59, 59, 61, 60, 61, 59, 59, 57, 57, 58, 59, 59, 58, 58, 59, 57, 58, 58, 58, 59, 58, 57, 57, 57, 57, 56, 59, 57, 58, 57, 59, 57, 59, 57, 56, 57, 57, 56, 58, 57, 57, 58, 55, 56, 57, 55, 55, 57, 57, 56, 57, 55, 55, 56, 56, 55, 56, 56, 55, 55, 56, 54, 55, 53, 55, 54, 55, 53, 53, 53, 54, 55, 53, 52, 54, 53, 55, 52, 54, 54, 54, 55, 54, 54, 56, 56, 54, 55, 54, 55, 52, 53, 52, 53, 52, 51, 51, 53, 51, 53, 53, 52, 53, 52, 52, 52, 51, 52, 52, 51, 51, 50, 50, 53, 52, 51, 52, 52, 50, 50, 49, 51, 51, 49, 50, 50, 50, 50, 48, 49, 48, 48, 49, 49, 49, 49, 50, 48, 49, 49, 50, 50, 49, 49, 48, 48, 48, 48, 48, 47, 48, 48, 48, 48, 47, 47, 47, 46, 48, 47, 48, 47, 48, 47, 47, 46, 54, 54, 54, 56, 54, 55, 54, 56, 55, 55, 56, 56, 55, 56, 57, 57, 56, 56, 56, 54, 55, 56, 55, 54, 56, 56, 56, 56, 54, 54, 51, 48
]}

{seqnr : 336,
data : [
45, 42, 40, 37, 38, 37, 36, 36, 38, 38, 36, 37, 37, 37, 38, 40, 40, 45, 46, 51, 54, 58, 59, 61, 60, 59, 62, 61, 60, 60, 62, 61, 61, 60, 63, 64, 61, 62, 62, 63, 61, 62, 62, 63, 62, 64, 61, 61, 62, 63, 61, 60, 61, 63, 61, 62, 62, 62, 63, 61, 63, 62, 63, 62, 63, 63, 64, 62, 62, 62, 61, 63, 64, 63, 62, 63, 60, 62, 63, 62, 64, 63, 62, 62, 63, 64, 63, 63, 62, 63, 63, 62, 64, 62, 61, 64, 63, 62, 62, 61, 63, 62, 63, 65, 64, 64, 61, 60, 62, 62, 62, 60, 61, 61, 62, 62, 61, 61, 62, 62, 62, 62, 62, 61, 62, 62, 62, 60, 63, 62, 62, 62, 61, 61, 62, 62, 61, 62, 60, 60, 62, 63, 62, 60, 59, 62, 61, 60, 61, 63, 62, 62, 61, 62, 62, 60, 62, 60, 61, 59, 59, 59, 61, 59, 59, 59, 60, 61, 60, 59, 60, 60, 61, 58, 58, 58, 60, 58, 59, 59, 59, 59, 59, 59, 59, 59, 58, 59, 60, 59, 59, 59, 57, 57, 59, 58, 58, 57, 58, 57, 58, 56, 57, 59, 56, 57, 58, 58, 59, 57, 56, 57, 58, 55, 57, 56, 56, 58, 56, 56, 55, 57, 57, 55, 58, 57, 56, 57, 57, 55, 57, 56, 56, 55, 56, 56, 56, 53, 54, 54, 53, 54, 56, 55, 55, 54, 54, 53, 53, 54, 55, 53, 54
]}

{seqnr : 337,
data : [
53, 54, 54, 53, 53, 54, 54, 54, 54, 54, 54, 54, 51, 54, 53, 52, 53, 53, 53, 52, 50, 52, 53, 51, 50, 51, 53, 53, 52, 52, 53, 52, 52, 53, 51, 52, 50, 51, 51, 51, 51, 51, 51, 51, 51, 50, 51, 50, 50, 49, 50, 49, 49, 48, 49, 51, 50, 50, 48, 49, 50, 48, 48, 49, 50, 49, 49, 49, 48, 48, 48, 48, 48, 48, 48, 48, 48, 48, 47, 49, 46, 47, 47, 47, 48, 47, 47, 46, 47, 47, 47, 54, 54, 54, 54, 54, 56, 55, 55, 56, 55, 55, 56, 58, 56, 57, 56, 56, 57, 58, 56, 55, 55, 55, 54, 55, 56, 56, 57, 53, 51, 50, 48, 45, 40, 39, 37, 38, 37, 37, 36, 36, 37, 37, 36, 37, 37, 38, 39, 41, 46, 50, 55, 57, 59, 59, 60, 60, 61, 59, 60, 60, 61, 60, 62, 62, 61, 63, 64, 62, 63, 63, 63, 64, 60, 62, 61, 62, 61, 64, 60, 62, 61, 61, 63, 62, 62, 63, 63, 62, 61, 62, 63, 62, 62, 60, 62, 62, 65, 63, 63, 63, 62, 63, 61, 62, 62, 61, 62, 62, 64, 62, 63, 63, 64, 64, 63, 63, 62, 64, 62, 63, 62, 63, 62, 65, 62, 62, 62, 62, 64, 61, 62, 62, 64, 63, 64, 62, 61, 63, 61, 63, 62, 62, 62, 60, 62, 61, 62, 61, 63, 63, 62, 61, 61, 62, 62, 62, 62, 61, 63, 62, 62
]}

{seqnr : 338,
data : [
63, 62, 62, 61, 61, 61, 60, 60, 61, 63, 63, 62, 63, 60, 61, 60, 60, 62, 62, 63, 62, 63, 62, 61, 60, 62, 59, 61, 60, 62, 61, 61, 60, 59, 60, 59, 60, 59, 58, 59, 59, 59, 60, 60, 58, 58, 58, 59, 59, 58, 59, 58, 60, 58, 59, 58, 59, 59, 58, 57, 57, 58, 59, 56, 58, 57, 57, 58, 58, 58, 58, 56, 57, 56, 57, 57, 58, 59, 57, 58, 57, 57, 57, 57, 57, 56, 58, 57, 56, 58, 57, 55, 56, 56, 57, 57, 57, 57, 56, 55, 55, 55, 55, 56, 56, 58, 56, 55, 53, 53, 54, 53, 53, 54, 54, 54, 55, 55, 54, 52, 54, 55, 53, 52, 54, 54, 52, 53, 52, 52, 52, 54, 55, 55, 53, 53, 54, 53, 51, 53, 51, 51, 52, 51, 53, 51, 52, 51, 51, 51, 52, 51, 51, 51, 52, 52, 52, 50, 51, 52, 51, 49, 50, 50, 51, 51, 51, 51, 50, 49, 50, 49, 48, 49, 50, 50, 48, 49, 49, 49, 50, 50, 50, 51, 49, 48, 49, 50, 48, 47, 48, 47, 49, 48, 47, 48, 49, 48, 47, 46, 48, 46, 46, 47, 47, 47, 49, 47, 47, 46, 46, 47, 47, 47, 52, 54, 53, 54, 53, 55, 54, 55, 55, 55, 56, 55, 56, 57, 56, 57, 55, 55, 55, 56, 55, 54, 54, 55, 55, 54, 55, 54, 53, 52, 49, 46, 43, 41, 38, 39, 37, 37, 37
]}

{seqnr : 339,
data : [
36, 36, 36, 37, 36, 38, 38, 40, 40, 43, 48, 51, 54, 57, 58, 61, 61, 60, 60, 60, 62, 61, 61, 61, 62, 62, 62, 63, 62, 64, 62, 61, 63, 63, 62, 63, 62, 61, 61, 62, 62, 62, 62, 62, 60, 61, 62, 63, 61, 62, 61, 61, 61, 61, 62, 61, 63, 62, 63, 62, 63, 62, 63, 62, 62, 62, 64, 63, 62, 63, 62, 62, 63, 63, 64, 62, 63, 63, 64, 63, 62, 61, 63, 63, 64, 62, 65, 62, 63, 63, 65, 62, 62, 63, 62, 63, 63, 62, 61, 61, 61, 63, 62, 62, 63, 61, 61, 61, 62, 61, 62, 62, 62, 61, 60, 62, 63, 62, 61, 62, 61, 63, 63, 62, 61, 61, 59, 61, 63, 61, 61, 61, 62, 63, 61, 61, 60, 60, 60, 60, 61, 60, 61, 62, 63, 62, 62, 60, 61, 60, 60, 61, 61, 60, 59, 59, 61, 60, 61, 59, 59, 60, 61, 57, 59, 60, 60, 59, 60, 59, 59, 59, 59, 58, 59, 59, 60, 58, 58, 59, 58, 58, 57, 58, 58, 58, 58, 59, 57, 58, 58, 58, 58, 57, 56, 56, 57, 56, 58, 58, 59, 58, 58, 58, 57, 57, 57, 56, 57, 57, 57, 55, 56, 58, 58, 56, 57, 56, 56, 56, 56, 57, 57, 57, 55, 56, 56, 56, 55, 55, 56, 55, 55, 54, 53, 52, 55, 56, 54, 55, 55, 55, 53, 54, 54, 55, 54, 53, 54, 52, 53, 54, 52
]}

{seqnr : 340,
data : [
54, 54, 53, 54, 54, 54, 54, 53, 52, 53, 51, 50, 52, 52, 52, 54, 52, 52, 52, 51, 51, 51, 51, 52, 52, 50, 51, 50, 51, 51, 51, 50, 51, 49, 50, 52, 51, 51, 51, 50, 49, 51, 50, 50, 51, 49, 48, 47, 48, 49, 51, 51, 50, 51, 51, 49, 48, 49, 48, 48, 47, 49, 49, 47, 48, 47, 48, 48, 47, 48, 46, 46, 47, 48, 48, 47, 48, 45, 46, 46, 47, 46, 46, 47, 49, 51, 53, 51, 54, 54, 53, 53, 55, 55, 54, 56, 56, 54, 56, 55, 56, 56, 57, 56, 55, 55, 56, 55, 55, 53, 55, 53, 52, 50, 48, 44, 40, 39, 38, 37, 37, 37, 37, 37, 37, 37, 35, 37, 36, 37, 39, 41, 45, 50, 55, 55, 56, 58, 59, 60, 59, 60, 60, 62, 60, 61, 63, 61, 62, 62, 62, 62, 62, 60, 63, 62, 61, 63, 62, 60, 60, 61, 61, 61, 63, 62, 62, 61, 63, 62, 62, 62, 63, 62, 61, 62, 61, 63, 62, 63, 62, 62, 61, 63, 63, 65, 62, 63, 61, 61, 61, 62, 60, 60, 62, 64, 62, 64, 65, 64, 63, 64, 63, 62, 63, 61, 62, 60, 63, 62, 64, 63, 63, 63, 60, 63, 62, 61, 62, 63, 62, 61, 62, 63, 62, 63, 62, 61, 63, 61, 61, 61, 60, 60, 61, 62, 62, 62, 62, 61, 61, 61, 61, 61, 62, 62, 62, 61, 63, 61, 62, 60, 59
]}

{seqnr : 341,
data : [
60, 61, 61, 62, 61, 62, 60, 61, 59, 60, 62, 61, 62, 61, 60, 62, 60, 59, 60, 60, 61, 59, 59, 60, 59, 60, 61, 58, 60, 61, 60, 59, 59, 59, 59, 59, 57, 58, 60, 59, 59, 59, 58, 61, 59, 59, 59, 57, 58, 58, 58, 59, 59, 59, 58, 58, 59, 58, 55, 57, 58, 58, 56, 57, 57, 56, 57, 57, 57, 59, 58, 57, 58, 56, 56, 56, 57, 57, 57, 56, 56, 57, 55, 55, 56, 55, 56, 57, 54, 57, 57, 55, 55, 57, 56, 56, 57, 55, 56, 54, 55, 53, 54, 53, 54, 55, 54, 54, 55, 55, 53, 54, 54, 53, 54, 56, 56, 52, 53, 53, 53, 53, 53, 53, 53, 54, 53, 54, 54, 53, 53, 53, 52, 50, 52, 50, 52, 52, 52, 52, 51, 51, 51, 53, 51, 51, 50, 53, 51, 50, 50, 51, 50, 51, 50, 51, 49, 50, 51, 50, 50, 51, 50, 49, 50, 49, 48, 49, 50, 49, 49, 50, 49, 50, 51, 49, 48, 49, 49, 48, 49, 48, 47, 49, 47, 49, 47, 47, 48, 47, 47, 47, 47, 47, 47, 47, 48, 47, 47, 47, 46, 46, 47, 46, 47, 46, 45, 48, 47, 52, 51, 52, 51, 51, 53, 54, 54, 54, 55, 56, 55, 56, 55, 56, 57, 54, 55, 54, 56, 56, 55, 54, 54, 54, 53, 51, 48, 45, 41, 41, 38, 36, 38, 36, 36, 37, 36, 36, 37, 36, 35, 36, 37
]}

{seqnr : 342,
data : [
42, 43, 48, 50, 54, 57, 58, 59, 59, 59, 61, 60, 59, 62, 60, 59, 59, 61, 61, 62, 62, 63, 62, 62, 63, 63, 61, 61, 62, 60, 59, 61, 62, 61, 61, 62, 63, 60, 61, 62, 61, 62, 61, 63, 61, 61, 62, 62, 61, 61, 60, 62, 60, 62, 61, 62, 63, 62, 63, 62, 62, 60, 60, 62, 63, 61, 64, 63, 64, 61, 63, 63, 63, 61, 62, 63, 62, 63, 62, 62, 62, 62, 61, 63, 63, 62, 62, 61, 62, 60, 62, 62, 64, 61, 62, 62, 63, 61, 61, 63, 62, 62, 62, 62, 59, 61, 62, 61, 60, 64, 61, 61, 60, 62, 60, 63, 62, 61, 62, 61, 62, 61, 61, 61, 62, 62, 62, 63, 62, 61, 61, 61, 58, 61, 62, 62, 61, 61, 61, 61, 61, 60, 60, 60, 61, 60, 58, 61, 60, 59, 60, 59, 62, 61, 59, 60, 58, 59, 60, 60, 60, 62, 60, 58, 58, 58, 59, 59, 57, 59, 59, 57, 58, 58, 57, 57, 58, 57, 57, 59, 58, 57, 58, 58, 56, 57, 56, 56, 59, 56, 57, 57, 58, 58, 57, 56, 56, 57, 56, 57, 57, 57, 57, 58, 55, 55, 57, 55, 56, 57, 55, 56, 56, 55, 54, 56, 56, 56, 56, 57, 56, 55, 55, 55, 55, 55, 54, 54, 53, 55, 54, 54, 56, 54, 53, 54, 54, 54, 54, 54, 54, 56, 53, 52, 54, 51, 54, 54, 53, 54, 53, 51, 52
]}

{seqnr : 343,
data : [
52, 51, 53, 51, 51, 50, 51, 51, 51, 51, 52, 51, 50, 52, 52, 51, 51, 49, 52, 50, 52, 51, 52, 51, 50, 51, 50, 49, 50, 50, 49, 50, 50, 49, 49, 50, 50, 50, 50, 50, 50, 48, 50, 51, 49, 49, 49, 49, 50, 48, 50, 48, 50, 48, 48, 48, 47, 47, 47, 48, 46, 46, 48, 47, 46, 47, 47, 48, 47, 47, 47, 46, 47, 47, 46, 46, 45, 45, 46, 48, 49, 49, 50, 52, 52, 53, 55, 53, 54, 56, 55, 55, 54, 58, 55, 55, 54, 55, 55, 54, 55, 55, 53, 54, 51, 50, 47, 44, 41, 40, 37, 38, 37, 36, 37, 38, 38, 36, 36, 38, 36, 37, 39, 40, 45, 49, 53, 54, 56, 57, 60, 57, 61, 61, 62, 60, 60, 60, 61, 62, 62, 63, 61, 61, 63, 61, 65, 63, 63, 62, 60, 61, 60, 60, 61, 60, 61, 62, 61, 62, 63, 62, 60, 63, 62, 63, 62, 63, 61, 61, 64, 62, 61, 62, 62, 61, 61, 62, 63, 63, 61, 62, 62, 62, 62, 60, 61, 64, 63, 64, 63, 62, 63, 64, 66, 63, 60, 61, 62, 62, 62, 62, 63, 61, 61, 62, 63, 62, 62, 63, 61, 62, 61, 63, 63, 63, 64, 62, 62, 62, 61, 62, 62, 61, 61, 61, 61, 61, 61, 60, 62, 60, 63, 62, 61, 61, 61, 61, 62, 62, 62, 63, 61, 60, 59, 61, 60, 62, 63, 62, 63, 61, 62
]}

{seqnr : 344,
data : [
61, 60, 60, 62, 62, 62, 63, 60, 61, 60, 60, 59, 61, 61, 60, 60, 60, 61, 61, 60, 60, 61, 61, 60, 61, 60, 59, 60, 60, 60, 60, 60, 59, 60, 58, 60, 60, 58, 57, 57, 61, 58, 58, 58, 57, 57, 58, 58, 59, 60, 59, 58, 56, 58, 57, 56, 58, 55, 56, 58, 56, 59, 59, 57, 57, 57, 56, 57, 57, 57, 56, 56, 58, 57, 56, 56, 57, 56, 55, 57, 55, 56, 56, 56, 55, 54, 55, 56, 56, 56, 56, 56, 54, 56, 53, 54, 54, 55, 55, 56, 55, 54, 55, 53, 54, 54, 55, 53, 55, 57, 54, 54, 54, 54, 54, 54, 54, 53, 55, 55, 52, 52, 53, 52, 51, 51, 53, 51, 51, 53, 53, 52, 52, 52, 52, 51, 50, 52, 50, 51, 50, 51, 51, 50, 51, 52, 51, 51, 51, 52, 52, 50, 51, 51, 50, 50, 50, 50, 49, 51, 51, 50, 50, 49, 50, 49, 50, 51, 49, 50, 50, 50, 49, 49, 49, 50, 49, 49, 48, 47, 48, 49, 47, 48, 47, 46, 48, 47, 48, 48, 48, 48, 48, 47, 48, 48, 46, 46, 47, 45, 42, 43, 45, 46, 49, 49, 50, 50, 52, 51, 52, 54, 53, 54, 55, 54, 54, 54, 54, 54, 55, 56, 55, 54, 54, 53, 52, 51, 49, 46, 41, 39, 38, 37, 37, 37, 37, 37, 37, 36, 37, 37, 36, 37, 38, 40, 44, 47, 51, 56, 56, 58, 59
]}

{seqnr : 345,
data : [
59, 59, 59, 60, 60, 59, 60, 60, 60, 61, 62, 61, 62, 62, 63, 63, 63, 62, 62, 62, 60, 60, 60, 62, 62, 61, 62, 63, 60, 63, 62, 63, 62, 62, 61, 61, 61, 63, 62, 61, 61, 60, 61, 62, 62, 62, 62, 61, 61, 61, 59, 62, 61, 62, 62, 62, 61, 63, 62, 61, 62, 63, 63, 61, 65, 63, 62, 62, 63, 63, 62, 64, 63, 63, 64, 62, 63, 62, 61, 61, 61, 63, 61, 62, 64, 64, 64, 63, 63, 63, 62, 62, 65, 62, 61, 60, 62, 62, 64, 62, 62, 62, 62, 63, 62, 61, 61, 62, 61, 63, 61, 61, 60, 60, 59, 60, 60, 62, 61, 61, 62, 62, 61, 61, 62, 62, 60, 60, 62, 61, 62, 62, 61, 61, 60, 58, 61, 59, 62, 60, 62, 61, 62, 60, 61, 59, 60, 60, 61, 58, 59, 61, 59, 60, 61, 59, 60, 59, 58, 59, 59, 58, 59, 59, 60, 58, 57, 58, 59, 58, 58, 61, 58, 59, 58, 58, 56, 57, 55, 58, 56, 57, 58, 59, 58, 56, 57, 57, 57, 56, 57, 57, 58, 57, 57, 56, 58, 56, 57, 55, 56, 56, 55, 56, 55, 55, 56, 56, 56, 56, 54, 56, 58, 56, 55, 54, 56, 54, 55, 54, 53, 56, 56, 56, 54, 54, 54, 53, 54, 53, 55, 54, 53, 52, 54, 54, 54, 55, 52, 53, 53, 53, 54, 52, 53, 51, 51, 52, 51, 52, 52, 53, 52
]}

{seqnr : 346,
data : [
54, 53, 52, 52, 51, 51, 51, 52, 51, 51, 50, 52, 51, 53, 53, 51, 50, 51, 52, 49, 50, 50, 51, 49, 51, 50, 50, 52, 51, 50, 51, 51, 48, 49, 49, 49, 49, 48, 48, 49, 48, 49, 49, 50, 49, 48, 49, 49, 48, 48, 48, 47, 48, 48, 47, 47, 46, 46, 46, 47, 46, 48, 47, 48, 47, 47, 47, 47, 46, 46, 39, 39, 41, 42, 44, 45, 47, 48, 49, 49, 51, 51, 54, 53, 54, 53, 54, 55, 53, 54, 55, 54, 57, 53, 55, 52, 52, 49, 47, 45, 42, 39, 37, 38, 37, 37, 36, 36, 37, 35, 35, 36, 36, 38, 39, 42, 44, 50, 54, 55, 57, 58, 58, 59, 59, 60, 60, 59, 61, 59, 59, 61, 61, 63, 61, 63, 60, 61, 60, 64, 61, 61, 61, 61, 61, 60, 61, 61, 61, 61, 61, 63, 62, 64, 63, 62, 63, 62, 60, 61, 62, 63, 63, 62, 62, 62, 62, 63, 63, 60, 63, 62, 61, 60, 62, 61, 62, 62, 61, 64, 61, 64, 63, 63, 63, 64, 62, 63, 62, 63, 62, 61, 62, 61, 62, 63, 63, 63, 63, 63, 62, 60, 62, 60, 61, 62, 63, 64, 63, 64, 62, 61, 61, 61, 60, 63, 63, 62, 61, 61, 63, 63, 64, 60, 62, 63, 61, 61, 62, 61, 63, 60, 61, 62, 61, 61, 60, 60, 59, 61, 61, 61, 61, 62, 62, 61, 60, 60, 61, 60, 59, 60, 61
]}

{seqnr : 347,
data : [
60, 61, 61, 60, 61, 60, 60, 60, 58, 59, 60, 60, 59, 60, 58, 59, 59, 60, 58, 58, 58, 59, 59, 59, 60, 60, 59, 59, 61, 59, 58, 59, 58, 59, 58, 58, 57, 57, 58, 59, 59, 60, 58, 58, 58, 56, 55, 57, 57, 58, 57, 56, 57, 58, 57, 57, 56, 56, 56, 56, 57, 57, 57, 57, 57, 58, 57, 56, 57, 56, 55, 56, 55, 57, 55, 56, 56, 55, 55, 54, 55, 57, 55, 55, 55, 55, 56, 54, 54, 53, 53, 54, 53, 55, 54, 54, 53, 54, 54, 54, 53, 54, 53, 54, 54, 54, 54, 54, 54, 52, 53, 53, 53, 52, 51, 52, 51, 51, 50, 50, 51, 51, 52, 53, 52, 53, 51, 52, 52, 50, 51, 51, 50, 51, 51, 53, 51, 52, 51, 51, 51, 52, 51, 50, 51, 51, 49, 49, 50, 50, 50, 51, 51, 50, 49, 51, 50, 50, 49, 49, 47, 48, 49, 49, 48, 49, 47, 47, 49, 48, 48, 49, 48, 48, 48, 46, 46, 46, 46, 46, 46, 48, 49, 48, 47, 46, 46, 47, 48, 47, 46, 46, 46, 37, 38, 39, 38, 40, 41, 44, 44, 45, 47, 50, 50, 52, 52, 52, 53, 53, 53, 54, 53, 54, 55, 54, 53, 52, 52, 50, 49, 45, 44, 40, 39, 37, 36, 37, 36, 37, 36, 36, 36, 36, 37, 38, 39, 40, 43, 46, 49, 52, 57, 57, 58, 58, 59, 59, 60, 61, 60, 60, 59
]}

{seqnr : 348,
data : [
60, 60, 61, 62, 62, 60, 62, 61, 61, 62, 60, 63, 62, 61, 60, 60, 61, 62, 61, 61, 63, 62, 62, 62, 64, 63, 63, 62, 61, 62, 61, 63, 60, 61, 62, 63, 62, 61, 61, 62, 63, 61, 62, 62, 62, 61, 63, 61, 62, 63, 62, 61, 62, 62, 62, 63, 62, 63, 63, 62, 62, 62, 61, 62, 62, 64, 62, 62, 61, 61, 62, 62, 62, 61, 62, 61, 62, 62, 62, 63, 61, 63, 61, 62, 63, 61, 62, 62, 59, 61, 61, 63, 61, 62, 61, 61, 62, 62, 61, 60, 62, 61, 61, 62, 61, 62, 61, 61, 61, 62, 60, 61, 61, 60, 60, 61, 61, 61, 60, 60, 60, 62, 61, 60, 60, 60, 59, 61, 59, 60, 61, 60, 59, 60, 58, 60, 60, 60, 59, 60, 59, 58, 59, 60, 60, 60, 60, 60, 59, 60, 59, 59, 58, 56, 59, 57, 60, 58, 58, 58, 59, 59, 59, 58, 57, 59, 57, 59, 57, 58, 58, 56, 57, 57, 57, 57, 58, 56, 57, 56, 54, 56, 57, 57, 56, 57, 56, 56, 57, 57, 57, 56, 57, 56, 56, 57, 56, 56, 56, 58, 55, 56, 55, 56, 55, 55, 55, 56, 54, 55, 54, 56, 54, 52, 52, 53, 54, 54, 53, 54, 55, 56, 54, 55, 54, 53, 54, 53, 53, 53, 54, 54, 54, 54, 54, 53, 51, 53, 52, 52, 51, 51, 51, 51, 51, 51, 51, 52, 53, 53, 53, 53, 51
]}

{seqnr : 349,
data : [
51, 50, 49, 51, 51, 51, 51, 51, 52, 52, 51, 52, 51, 49, 50, 50, 51, 49, 51, 51, 51, 51, 50, 50, 49, 50, 49, 50, 49, 48, 47, 51, 48, 50, 47, 48, 48, 49, 48, 50, 49, 48, 49, 47, 46, 47, 48, 46, 47, 45, 47, 47, 49, 46, 46, 47, 48, 47, 46, 45, 47, 45, 47, 36, 38, 38, 38, 39, 39, 41, 43, 45, 45, 46, 48, 49, 50, 50, 51, 51, 52, 53, 54, 54, 55, 53, 53, 54, 52, 49, 47, 44, 40, 38, 36, 37, 37, 37, 37, 37, 37, 36, 36, 36, 36, 37, 39, 41, 45, 50, 52, 53, 57, 59, 58, 59, 57, 59, 60, 60, 58, 59, 58, 61, 61, 61, 60, 60, 62, 61, 62, 61, 60, 62, 62, 60, 59, 61, 60, 63, 61, 60, 61, 60, 62, 61, 63, 62, 61, 63, 62, 63, 62, 59, 62, 62, 62, 60, 60, 62, 62, 63, 62, 60, 62, 63, 61, 60, 61, 63, 59, 62, 63, 62, 62, 62, 62, 64, 61, 63, 62, 62, 64, 63, 62, 62, 61, 62, 63, 62, 62, 62, 63, 62, 62, 61, 59, 61, 61, 63, 62, 64, 63, 61, 62, 62, 63, 62, 61, 60, 62, 59, 62, 62, 62, 61, 61, 62, 62, 61, 62, 61, 61, 62, 64, 63, 63, 62, 61, 60, 61, 62, 60, 60, 61, 62, 62, 62, 61, 61, 60, 60, 62, 61, 59, 61, 60, 59, 61, 60, 60, 58, 62
]}

{seqnr : 350,
data : [
60, 60, 61, 61, 58, 59, 60, 59, 60, 57, 59, 59, 59, 60, 59, 60, 59, 61, 58, 58, 59, 58, 59, 58, 58, 59, 59, 57, 59, 57, 60, 59, 59, 56, 59, 58, 58, 58, 56, 56, 55, 57, 57, 58, 59, 57, 58, 57, 56, 56, 56, 56, 57, 57, 55, 57, 56, 56, 57, 56, 57, 56, 57, 56, 57, 55, 57, 56, 57, 55, 55, 56, 56, 55, 55, 56, 54, 54, 55, 56, 53, 54, 55, 55, 53, 55, 54, 53, 54, 54, 53, 51, 54, 54, 54, 53, 54, 54, 54, 51, 52, 54, 53, 52, 52, 52, 52, 51, 50, 52, 52, 52, 51, 51, 52, 51, 51, 50, 52, 53, 52, 51, 51, 51, 50, 52, 49, 51, 51, 51, 51, 51, 51, 52, 51, 52, 50, 50, 48, 49, 48, 51, 51, 51, 52, 50, 49, 49, 51, 50, 49, 49, 48, 48, 50, 50, 49, 49, 49, 48, 49, 48, 49, 48, 49, 48, 47, 49, 47, 46, 46, 45, 47, 47, 48, 46, 47, 47, 46, 46, 47, 46, 47, 47, 45, 47, 36, 37, 37, 38, 39, 38, 37, 41, 41, 42, 43, 44, 46, 48, 49, 49, 49, 51, 52, 53, 53, 51, 53, 52, 52, 51, 48, 46, 42, 40, 37, 37, 36, 36, 36, 37, 36, 37, 36, 36, 36, 37, 38, 39, 42, 48, 51, 53, 56, 58, 58, 57, 58, 57, 59, 59, 60, 60, 60, 60, 59, 61, 60, 61, 61, 61, 62
]}

{seqnr : 351,
data : [
61, 61, 60, 61, 60, 61, 59, 61, 61, 60, 61, 59, 61, 60, 61, 62, 64, 62, 62, 60, 62, 60, 62, 61, 62, 62, 62, 60, 62, 62, 61, 63, 62, 61, 61, 62, 61, 60, 62, 61, 63, 60, 63, 62, 62, 64, 64, 62, 63, 62, 64, 62, 61, 63, 62, 63, 62, 61, 62, 63, 63, 60, 61, 63, 61, 62, 61, 60, 60, 61, 63, 63, 64, 62, 59, 60, 62, 61, 63, 62, 62, 60, 61, 61, 62, 61, 61, 63, 63, 62, 61, 62, 63, 60, 61, 62, 62, 61, 62, 61, 60, 60, 60, 61, 60, 61, 61, 60, 59, 60, 60, 60, 62, 61, 60, 60, 60, 60, 59, 61, 59, 59, 60, 61, 60, 59, 60, 61, 60, 59, 59, 58, 59, 58, 57, 59, 59, 60, 57, 59, 59, 60, 60, 59, 59, 59, 58, 59, 58, 59, 59, 58, 59, 58, 60, 57, 59, 56, 60, 57, 57, 57, 57, 57, 55, 57, 58, 59, 58, 56, 55, 56, 55, 54, 56, 57, 57, 57, 56, 57, 56, 56, 57, 57, 56, 58, 57, 57, 55, 56, 54, 56, 56, 59, 56, 55, 56, 54, 55, 54, 55, 54, 53, 53, 55, 53, 54, 53, 53, 54, 55, 55, 54, 53, 52, 54, 54, 53, 54, 53, 53, 53, 53, 54, 54, 51, 52, 54, 53, 52, 51, 52, 52, 50, 52, 53, 52, 52, 51, 50, 52, 52, 52, 51, 51, 50, 50, 51, 52, 52, 51, 50, 51
]}

{seqnr : 352,
data : [
50, 51, 51, 50, 50, 51, 51, 50, 50, 51, 50, 50, 51, 50, 51, 50, 48, 50, 50, 49, 51, 48, 50, 50, 49, 51, 49, 48, 49, 48, 48, 48, 47, 47, 48, 49, 47, 48, 48, 47, 47, 46, 47, 45, 47, 47, 47, 46, 46, 47, 47, 47, 46, 45, 45, 47, 38, 37, 37, 39, 37, 36, 36, 39, 38, 40, 40, 41, 43, 45, 46, 47, 48, 50, 50, 49, 51, 51, 53, 51, 50, 48, 46, 42, 40, 39, 36, 36, 36, 37, 37, 35, 38, 35, 36, 36, 37, 37, 40, 41, 46, 49, 52, 54, 57, 58, 59, 58, 58, 60, 57, 60, 59, 58, 58, 60, 58, 61, 61, 61, 60, 62, 62, 61, 60, 61, 60, 62, 59, 61, 60, 61, 60, 59, 60, 60, 61, 62, 62, 61, 62, 62, 60, 62, 60, 62, 61, 61, 60, 63, 62, 61, 62, 61, 61, 62, 62, 63, 63, 61, 63, 61, 63, 62, 62, 61, 61, 62, 62, 60, 63, 61, 62, 63, 62, 62, 61, 60, 62, 62, 61, 62, 62, 62, 60, 60, 61, 62, 60, 61, 60, 61, 60, 63, 62, 62, 62, 61, 60, 62, 61, 62, 61, 61, 60, 61, 61, 61, 61, 62, 61, 62, 61, 62, 63, 63, 61, 63, 60, 61, 62, 61, 61, 60, 62, 60, 60, 61, 62, 61, 59, 59, 61, 60, 62, 61, 61, 61, 61, 60, 61, 58, 61, 60, 60, 60, 61, 61, 59, 60, 60, 60, 59
]}

{seqnr : 353,
data : [
59, 60, 59, 58, 60, 60, 59, 59, 56, 57, 59, 59, 60, 59, 58, 58, 58, 58, 59, 58, 58, 58, 59, 59, 59, 58, 57, 59, 59, 57, 56, 57, 57, 58, 57, 57, 57, 57, 58, 57, 55, 56, 55, 56, 56, 56, 56, 55, 57, 56, 58, 56, 55, 55, 55, 57, 56, 57, 54, 56, 55, 56, 56, 56, 56, 55, 56, 55, 53, 54, 54, 54, 55, 53, 53, 54, 53, 54, 52, 53, 53, 55, 54, 55, 54, 53, 53, 54, 52, 54, 53, 53, 54, 54, 52, 53, 52, 50, 52, 52, 52, 51, 51, 53, 51, 52, 52, 50, 51, 52, 51, 52, 51, 51, 50, 51, 49, 51, 50, 51, 51, 51, 51, 49, 51, 50, 50, 50, 50, 50, 51, 50, 51, 50, 51, 51, 52, 51, 49, 51, 49, 49, 50, 48, 49, 49, 49, 50, 49, 49, 48, 49, 48, 49, 48, 48, 49, 47, 48, 47, 48, 48, 47, 47, 45, 45, 47, 48, 48, 48, 46, 46, 47, 47, 46, 46, 46, 46, 46, 38, 39, 38, 37, 37, 38, 37, 37, 37, 39, 38, 39, 41, 40, 42, 43, 46, 46, 48, 48, 49, 49, 50, 49, 47, 46, 42, 42, 39, 38, 36, 36, 36, 36, 37, 36, 36, 36, 36, 36, 37, 38, 39, 43, 47, 53, 55, 56, 58, 60, 58, 59, 59, 57, 59, 60, 60, 59, 60, 60, 61, 60, 61, 62, 61, 60, 62, 61, 61, 61, 61, 60, 61, 59
]}

{seqnr : 354,
data : [
60, 60, 60, 61, 60, 59, 61, 61, 60, 61, 59, 62, 62, 61, 62, 61, 62, 61, 61, 61, 61, 61, 61, 62, 62, 61, 61, 62, 62, 60, 62, 61, 60, 60, 60, 63, 64, 62, 61, 62, 64, 62, 62, 63, 62, 62, 62, 63, 61, 62, 60, 63, 62, 61, 60, 61, 61, 63, 62, 61, 59, 62, 63, 63, 62, 61, 61, 62, 63, 61, 61, 59, 61, 61, 60, 62, 61, 61, 63, 61, 61, 62, 62, 62, 60, 62, 63, 62, 62, 61, 62, 60, 62, 59, 61, 61, 62, 62, 63, 61, 60, 59, 61, 60, 60, 60, 60, 61, 59, 62, 59, 60, 60, 60, 60, 61, 58, 62, 61, 61, 60, 60, 60, 60, 59, 59, 60, 60, 59, 59, 60, 59, 58, 58, 58, 58, 59, 58, 59, 59, 58, 58, 58, 58, 59, 58, 59, 59, 58, 57, 58, 58, 58, 58, 58, 57, 57, 58, 57, 59, 58, 57, 56, 56, 57, 58, 56, 56, 57, 56, 57, 56, 57, 56, 56, 57, 55, 56, 57, 56, 56, 56, 55, 55, 55, 56, 56, 54, 57, 55, 56, 54, 54, 54, 56, 54, 55, 54, 55, 54, 52, 51, 53, 52, 53, 53, 53, 55, 54, 53, 55, 54, 53, 55, 54, 55, 54, 54, 54, 51, 53, 52, 52, 51, 53, 52, 53, 51, 51, 52, 52, 50, 52, 51, 51, 52, 50, 52, 51, 52, 49, 50, 50, 50, 52, 51, 51, 50, 51, 50, 50, 50, 50
]}

{seqnr : 355,
data : [
50, 51, 50, 50, 50, 50, 51, 50, 50, 50, 50, 50, 49, 49, 48, 47, 49, 50, 48, 48, 49, 49, 49, 47, 49, 48, 48, 49, 48, 47, 48, 47, 47, 47, 48, 48, 48, 46, 47, 45, 47, 46, 46, 46, 44, 46, 46, 47, 46, 37, 37, 36, 36, 37, 36, 37, 36, 38, 37, 37, 37, 37, 38, 38, 39, 39, 41, 44, 44, 45, 46, 44, 45, 44, 42, 41, 37, 35, 35, 36, 35, 34, 36, 36, 34, 34, 35, 34, 35, 36, 37, 41, 43, 49, 51, 53, 54, 58, 58, 55, 56, 57, 57, 58, 57, 58, 58, 58, 58, 58, 59, 58, 58, 59, 61, 60, 61, 58, 57, 55, 58, 57, 59, 61, 58, 58, 57, 58, 59, 60, 60, 59, 60, 58, 61, 59, 61, 60, 59, 60, 61, 60, 60, 62, 61, 59, 61, 61, 60, 59, 58, 63, 59, 60, 60, 58, 58, 60, 60, 59, 61, 59, 61, 59, 59, 60, 60, 60, 61, 60, 60, 60, 61, 60, 62, 59, 60, 60, 60, 59, 58, 59, 57, 59, 61, 62, 60, 60, 60, 60, 62, 60, 60, 59, 59, 60, 59, 60, 60, 61, 60, 60, 59, 61, 59, 60, 61, 60, 60, 59, 59, 59, 59, 60, 60, 59, 58, 60, 60, 61, 61, 59, 58, 58, 58, 60, 58, 58, 59, 58, 61, 59, 59, 59, 60, 59, 58, 60, 57, 59, 59, 59, 59, 59, 57, 59, 58, 57, 58, 60, 58, 59, 58
]}

{seqnr : 356,
data : [
57, 57, 57, 58, 56, 58, 57, 59, 58, 57, 56, 57, 56, 56, 59, 55, 57, 56, 56, 58, 56, 56, 55, 57, 55, 55, 55, 56, 56, 58, 56, 55, 54, 54, 54, 55, 55, 55, 55, 54, 55, 53, 54, 54, 55, 54, 54, 54, 54, 55, 56, 53, 54, 53, 54, 56, 54, 55, 55, 53, 52, 53, 52, 51, 53, 55, 53, 53, 53, 51, 53, 50, 50, 52, 51, 51, 52, 52, 53, 52, 52, 52, 52, 52, 52, 51, 52, 51, 50, 51, 50, 51, 51, 51, 50, 52, 49, 51, 50, 50, 51, 50, 51, 49, 48, 49, 50, 48, 50, 48, 49, 49, 48, 49, 49, 48, 48, 50, 49, 49, 49, 49, 48, 48, 48, 49, 50, 48, 48, 48, 47, 47, 47, 48, 49, 48, 48, 48, 48, 47, 49, 48, 48, 45, 47, 48, 46, 46, 47, 47, 48, 46, 46, 46, 47, 46, 46, 44, 45, 47, 46, 45, 46, 46, 43, 44, 44, 44, 43, 43, 44, 44, 61, 60, 62, 59, 60, 60, 60, 59, 58, 59, 57, 59, 61, 62, 60, 60, 60, 60, 62, 60, 60, 59, 59, 60, 59, 60, 60, 61, 60, 60, 59, 61, 59, 60, 61, 60, 60, 59, 59, 59, 59, 60, 60, 59, 58, 60, 60, 61, 61, 59, 58, 58, 58, 60, 58, 58, 59, 58, 61, 59, 59, 59, 60, 59, 58, 60, 57, 59, 59, 59, 59, 59, 57, 59, 58, 57, 58, 60, 58, 59, 58
]}
