type :  3
size :  4096
width :  64
height :  64
packets :  17
payload :  253
jpg_quality :  100

 
{seqnr : 0,
 data:[
 37, 37, 38, 39, 46, 56, 66, 69, 69, 72, 74, 73, 75, 75, 75, 73, 72, 74, 75, 75, 71, 72, 76, 75, 76, 75, 71, 73, 72, 75, 76, 75, 73, 73, 71, 72, 70, 73, 74, 72, 72, 72, 70, 72, 72, 71, 69, 67, 70, 74, 70, 68, 69, 66, 69, 70, 69, 70, 68, 69, 68, 69, 68, 66, 35, 37, 36, 41, 50, 63, 68, 70, 70, 69, 69, 73, 73, 72, 74, 71, 70, 69, 72, 71, 72, 71, 73, 73, 72, 71, 73, 69, 72, 73, 71, 71, 70, 69, 68, 69, 71, 72, 72, 69, 70, 72, 70, 66, 67, 68, 66, 66, 68, 69, 69, 66, 66, 66, 67, 67, 65, 67, 66, 65, 67, 65, 63, 63, 29, 28, 31, 38, 49, 60, 64, 64, 62, 65, 63, 64, 66, 66, 65, 65, 63, 65, 66, 64, 65, 65, 65, 64, 63, 65, 66, 66, 66, 65, 64, 66, 64, 62, 62, 61, 62, 63, 62, 66, 62, 62, 63, 62, 63, 60, 60, 59, 60, 63, 62, 59, 60, 60, 62, 60, 57, 59, 60, 61, 60, 59, 59, 57, 26, 27, 32, 40, 52, 59, 64, 64, 63, 63, 64, 62, 63, 63, 64, 63, 62, 64, 64, 62, 63, 62, 63, 63, 63, 63, 64, 64, 65, 64, 64, 63, 63, 59, 61, 61, 64, 62, 62, 61, 62, 62, 61, 62, 60, 61, 58, 59, 59, 59, 59, 58, 61, 59, 58, 59, 58, 57, 58, 58, 58
 ]}
 
{seqnr : 1,
 data:[
 55, 55, 55, 29, 30, 37, 48, 57, 64, 65, 65, 65, 66, 66, 66, 67, 65, 66, 64, 65, 64, 66, 65, 63, 63, 65, 63, 65, 66, 66, 66, 65, 65, 65, 66, 63, 64, 64, 65, 65, 64, 64, 63, 62, 65, 63, 63, 64, 62, 61, 60, 60, 60, 59, 62, 61, 58, 61, 62, 61, 59, 59, 58, 60, 60, 58, 58, 19, 24, 33, 44, 51, 54, 56, 58, 54, 58, 56, 58, 58, 57, 57, 56, 56, 58, 58, 57, 56, 55, 55, 56, 57, 57, 57, 56, 55, 55, 54, 56, 55, 53, 55, 54, 56, 56, 56, 53, 55, 54, 54, 54, 52, 53, 52, 52, 53, 51, 52, 51, 53, 53, 52, 53, 50, 50, 52, 49, 49, 49, 48, 47, 22, 29, 41, 51, 58, 62, 59, 60, 61, 62, 60, 59, 59, 57, 59, 58, 60, 58, 61, 60, 60, 59, 60, 61, 60, 59, 58, 58, 58, 58, 59, 58, 58, 57, 57, 57, 57, 57, 56, 57, 58, 57, 59, 58, 58, 54, 54, 57, 56, 54, 54, 53, 54, 54, 56, 53, 54, 54, 54, 53, 51, 50, 51, 52, 43, 51, 62, 67, 73, 74, 76, 74, 75, 74, 75, 73, 74, 74, 76, 76, 75, 75, 74, 76, 76, 75, 75, 73, 75, 77, 76, 74, 74, 74, 74, 71, 72, 76, 75, 73, 73, 74, 72, 73, 73, 73, 71, 73, 72, 70, 70, 73, 73, 70, 69, 70, 71, 70, 70, 70, 69, 70
 ]}
 
{seqnr : 2,
 data:[
 67, 68, 66, 65, 66, 68, 52, 62, 70, 74, 76, 79, 78, 79, 81, 81, 81, 81, 81, 79, 81, 80, 82, 80, 81, 81, 82, 79, 79, 78, 81, 82, 81, 80, 79, 77, 79, 77, 76, 79, 80, 79, 81, 78, 77, 79, 80, 79, 79, 75, 76, 76, 77, 77, 77, 74, 77, 75, 75, 75, 74, 75, 77, 75, 74, 74, 72, 72, 72, 74, 56, 67, 74, 78, 79, 80, 79, 80, 83, 81, 81, 81, 80, 80, 81, 80, 80, 81, 81, 79, 80, 80, 77, 79, 81, 79, 79, 79, 79, 78, 79, 77, 76, 79, 78, 78, 77, 78, 80, 80, 78, 78, 78, 76, 77, 77, 77, 76, 75, 75, 78, 76, 74, 75, 75, 74, 74, 74, 74, 71, 70, 68, 71, 70, 62, 72, 78, 79, 79, 80, 80, 82, 83, 81, 82, 82, 81, 80, 79, 81, 81, 80, 80, 80, 81, 81, 80, 80, 81, 80, 78, 78, 77, 78, 78, 78, 77, 78, 77, 79, 79, 77, 78, 78, 78, 79, 79, 76, 76, 77, 77, 75, 75, 76, 75, 77, 75, 76, 75, 73, 76, 73, 74, 74, 71, 72, 70, 71, 61, 68, 71, 72, 72, 73, 75, 74, 76, 74, 74, 74, 74, 72, 73, 74, 77, 75, 74, 74, 73, 73, 73, 73, 74, 75, 72, 71, 70, 73, 71, 70, 71, 71, 71, 71, 72, 72, 71, 72, 70, 71, 71, 69, 69, 68, 67, 68, 68, 70, 70, 69, 66, 66, 66
 ]}
 
{seqnr : 3,
 data:[
 68, 68, 67, 68, 65, 64, 63, 64, 65, 51, 56, 58, 59, 58, 59, 63, 60, 62, 63, 59, 61, 60, 61, 60, 59, 61, 60, 62, 60, 59, 60, 60, 60, 61, 60, 56, 58, 58, 58, 57, 57, 58, 58, 57, 56, 59, 59, 59, 58, 59, 58, 58, 54, 56, 56, 55, 56, 56, 56, 56, 55, 55, 54, 56, 54, 54, 56, 54, 52, 53, 51, 49, 51, 52, 54, 55, 54, 57, 56, 58, 56, 56, 57, 56, 57, 57, 56, 56, 55, 58, 57, 58, 55, 57, 56, 57, 56, 56, 56, 55, 52, 55, 56, 55, 56, 57, 54, 53, 54, 54, 54, 54, 54, 54, 54, 52, 51, 52, 51, 50, 53, 52, 54, 51, 51, 52, 50, 52, 52, 50, 50, 51, 49, 50, 48, 47, 46, 59, 61, 63, 62, 62, 63, 63, 63, 62, 63, 63, 60, 62, 59, 61, 62, 64, 63, 62, 64, 63, 62, 63, 63, 62, 61, 60, 60, 63, 61, 63, 60, 61, 65, 60, 59, 60, 59, 58, 60, 59, 60, 58, 59, 60, 56, 56, 58, 58, 60, 57, 56, 57, 58, 57, 58, 55, 55, 55, 54, 54, 55, 53, 55, 71, 69, 73, 73, 74, 73, 74, 73, 74, 74, 73, 74, 72, 73, 73, 72, 75, 74, 73, 73, 74, 73, 74, 72, 73, 73, 71, 71, 74, 72, 71, 73, 73, 73, 71, 73, 72, 72, 69, 69, 71, 70, 69, 69, 70, 69, 68, 66, 68, 69, 67, 71
 ]}
 
{seqnr : 4,
data:[
68, 67, 70, 67, 67, 67, 66, 67, 65, 66, 64, 64, 74, 76, 76, 73, 75, 77, 77, 75, 77, 75, 75, 75, 75, 76, 78, 76, 75, 76, 74, 74, 76, 77, 75, 73, 75, 73, 76, 76, 74, 73, 76, 76, 76, 74, 74, 73, 75, 74, 73, 71, 72, 72, 71, 72, 70, 72, 70, 70, 71, 69, 71, 73, 71, 69, 70, 71, 68, 69, 69, 69, 69, 69, 66, 66, 71, 75, 75, 74, 74, 74, 76, 76, 72, 72, 75, 75, 74, 77, 76, 78, 77, 73, 74, 75, 74, 73, 76, 74, 73, 74, 74, 75, 75, 71, 74, 74, 73, 73, 72, 73, 73, 74, 73, 72, 72, 72, 72, 70, 70, 71, 70, 70, 70, 69, 70, 69, 65, 69, 67, 68, 69, 68, 68, 65, 67, 66, 65, 66, 68, 68, 69, 68, 69, 69, 71, 71, 68, 69, 70, 70, 69, 69, 70, 70, 69, 68, 69, 68, 69, 68, 65, 69, 68, 68, 69, 66, 67, 68, 67, 68, 70, 67, 66, 67, 68, 66, 66, 66, 66, 67, 64, 65, 65, 66, 64, 65, 66, 65, 65, 61, 62, 62, 62, 63, 62, 62, 63, 60, 61, 61, 60, 60, 66, 69, 66, 67, 67, 68, 68, 68, 66, 67, 67, 69, 68, 67, 67, 70, 68, 70, 67, 67, 68, 67, 66, 65, 64, 67, 65, 66, 66, 67, 67, 66, 67, 66, 63, 66, 62, 66, 64, 65, 64, 67, 63, 64, 64, 65, 63, 63, 62
 ]}
 
{seqnr : 5,
 data:[
 3, 62, 62, 63, 61, 62, 60, 60, 60, 60, 59, 61, 59, 60, 59, 59, 59, 59, 59, 58, 58, 59, 59, 59, 57, 58, 62, 59, 60, 59, 60, 61, 60, 59, 58, 60, 58, 59, 56, 58, 59, 57, 58, 58, 55, 59, 60, 59, 59, 58, 58, 56, 56, 57, 56, 57, 55, 54, 56, 55, 55, 55, 55, 55, 54, 54, 55, 54, 55, 54, 53, 52, 52, 54, 51, 51, 52, 50, 51, 67, 70, 66, 67, 65, 66, 67, 68, 68, 69, 67, 68, 67, 66, 66, 68, 67, 67, 69, 66, 65, 64, 69, 67, 66, 64, 64, 64, 65, 65, 65, 65, 64, 67, 65, 65, 65, 63, 64, 66, 66, 63, 62, 62, 64, 63, 62, 61, 60, 63, 64, 62, 62, 62, 60, 61, 60, 60, 59, 58, 59, 58, 59, 58, 81, 81, 82, 80, 81, 80, 81, 80, 82, 81, 79, 82, 81, 81, 80, 81, 82, 81, 81, 80, 79, 82, 82, 81, 80, 79, 79, 79, 80, 81, 79, 82, 80, 79, 79, 81, 80, 80, 80, 78, 79, 77, 76, 77, 77, 78, 77, 76, 76, 77, 76, 76, 75, 74, 74, 76, 75, 74, 74, 74, 71, 73, 74, 72, 76, 78, 78, 78, 79, 76, 79, 79, 78, 81, 76, 77, 79, 77, 76, 78, 81, 78, 80, 78, 80, 76, 80, 78, 76, 76, 77, 76, 76, 78, 77, 77, 78, 77, 75, 77, 78, 79, 76, 76, 74, 76, 75, 73, 74, 74
 ]
 

 
{seqnr : 6,
 data:[
 74, 74, 72, 74, 72, 75, 73, 71, 72, 74, 70, 70, 70, 70, 69, 71, 70, 70, 72, 74, 74, 74, 71, 72, 73, 73, 74, 74, 75, 74, 73, 75, 73, 76, 76, 72, 73, 75, 72, 72, 72, 72, 73, 74, 75, 74, 72, 72, 72, 73, 74, 73, 72, 73, 72, 71, 74, 73, 72, 70, 71, 73, 71, 70, 70, 69, 70, 70, 69, 66, 69, 67, 67, 69, 66, 68, 65, 67, 65, 65, 66, 65, 71, 73, 72, 71, 69, 71, 72, 71, 71, 72, 72, 72, 71, 72, 71, 69, 71, 74, 73, 71, 71, 71, 70, 70, 69, 72, 71, 70, 71, 70, 71, 72, 69, 70, 70, 70, 72, 70, 68, 68, 67, 67, 68, 68, 68, 63, 67, 66, 68, 66, 66, 66, 65, 65, 67, 65, 64, 63, 64, 63, 63, 61, 61, 60, 73, 74, 70, 70, 69, 72, 71, 68, 68, 71, 73, 71, 71, 71, 72, 69, 72, 73, 71, 70, 70, 69, 70, 70, 70, 68, 70, 73, 72, 70, 71, 70, 70, 70, 69, 68, 70, 67, 67, 66, 69, 66, 68, 66, 68, 69, 68, 67, 68, 68, 66, 64, 66, 64, 67, 65, 63, 64, 64, 64, 65, 61, 63, 62, 60, 59, 61, 57, 60, 60, 58, 57, 59, 58, 60, 57, 58, 58, 58, 58, 58, 59, 61, 57, 57, 57, 55, 59, 59, 58, 57, 57, 60, 61, 60, 58, 57, 57, 56, 56, 57, 55, 56, 54, 57, 56, 57
 ]}
 
{seqnr : 7,
 data:[
 55, 54, 54, 54, 55, 56, 55, 54, 53, 54, 53, 56, 53, 51, 51, 51, 53, 51, 50, 51, 51, 63, 62, 60, 60, 61, 61, 60, 60, 60, 62, 61, 61, 59, 61, 63, 60, 61, 62, 61, 59, 60, 58, 61, 62, 62, 62, 62, 61, 61, 61, 60, 60, 61, 60, 59, 59, 60, 60, 59, 59, 60, 57, 58, 58, 60, 56, 55, 59, 57, 56, 57, 57, 54, 57, 56, 54, 55, 53, 55, 55, 52, 53, 53, 55, 70, 68, 67, 70, 70, 68, 68, 67, 68, 67, 68, 66, 69, 68, 68, 69, 68, 71, 69, 67, 68, 69, 66, 69, 69, 69, 68, 70, 69, 67, 67, 68, 69, 68, 68, 67, 66, 67, 67, 71, 66, 66, 66, 67, 67, 65, 64, 64, 66, 66, 62, 63, 64, 64, 63, 64, 62, 61, 61, 62, 62, 62, 61, 63, 69, 70, 70, 71, 71, 67, 70, 69, 69, 68, 68, 70, 69, 69, 68, 67, 68, 68, 70, 70, 71, 71, 69, 69, 68, 69, 68, 69, 67, 66, 68, 70, 69, 68, 67, 65, 68, 66, 68, 70, 67, 64, 65, 68, 67, 65, 63, 66, 64, 63, 67, 62, 64, 62, 63, 63, 63, 63, 63, 62, 60, 63, 63, 60, 69, 67, 70, 67, 72, 67, 69, 69, 68, 69, 69, 69, 68, 68, 68, 67, 69, 67, 68, 69, 68, 69, 69, 67, 68, 70, 67, 69, 67, 68, 66, 67, 68, 66, 66, 67, 67, 67, 68, 69
 ]}
 
{seqnr : 8,
 data:[
 65, 65, 67, 66, 66, 65, 63, 65, 63, 66, 62, 64, 63, 63, 63, 63, 61, 64, 64, 60, 62, 62, 63, 61, 72, 70, 73, 69, 71, 71, 72, 71, 72, 73, 71, 72, 71, 71, 72, 69, 70, 70, 69, 70, 70, 70, 70, 72, 71, 69, 70, 71, 70, 69, 70, 70, 71, 69, 67, 70, 71, 69, 71, 70, 68, 69, 68, 69, 69, 68, 66, 67, 68, 68, 67, 67, 66, 64, 66, 65, 65, 67, 65, 63, 63, 63, 63, 63, 70, 70, 70, 69, 69, 69, 69, 69, 68, 70, 70, 69, 69, 69, 69, 67, 67, 65, 68, 69, 70, 67, 68, 67, 67, 67, 68, 68, 68, 68, 66, 68, 67, 67, 66, 68, 67, 66, 68, 65, 65, 63, 64, 68, 67, 66, 65, 64, 64, 64, 62, 63, 63, 63, 64, 62, 61, 62, 63, 63, 60, 60, 59, 59, 68, 71, 72, 68, 68, 69, 70, 71, 70, 70, 68, 72, 72, 69, 68, 66, 67, 69, 68, 68, 69, 68, 69, 65, 69, 69, 69, 67, 67, 68, 68, 67, 68, 67, 67, 68, 67, 66, 66, 68, 67, 64, 64, 65, 66, 67, 65, 64, 63, 66, 64, 64, 62, 61, 63, 65, 63, 62, 62, 61, 60, 61, 59, 60, 71, 71, 73, 71, 72, 72, 71, 71, 71, 71, 69, 71, 73, 71, 70, 67, 70, 71, 70, 71, 71, 70, 70, 70, 71, 71, 69, 71, 67, 69, 70, 67, 70, 68, 68, 68, 69
 ]}
 
{seqnr : 9,
 data:[
 67, 69, 67, 66, 67, 68, 68, 67, 69, 65, 66, 69, 64, 64, 64, 65, 65, 62, 65, 65, 64, 65, 62, 64, 63, 63, 63, 71, 72, 72, 70, 72, 74, 72, 74, 71, 72, 71, 72, 74, 74, 71, 69, 71, 73, 72, 71, 73, 71, 71, 70, 72, 70, 68, 70, 69, 69, 69, 69, 70, 72, 71, 70, 71, 68, 71, 69, 70, 68, 67, 68, 68, 71, 68, 70, 69, 66, 65, 66, 65, 65, 66, 65, 64, 63, 67, 66, 65, 63, 63, 64, 72, 74, 71, 71, 71, 73, 75, 74, 74, 73, 75, 74, 74, 73, 72, 71, 70, 72, 73, 69, 72, 72, 71, 72, 73, 72, 71, 72, 71, 70, 69, 68, 70, 70, 72, 72, 70, 69, 69, 69, 69, 68, 71, 69, 70, 68, 67, 68, 69, 67, 65, 66, 68, 67, 66, 67, 65, 66, 64, 64, 67, 65, 65, 66, 70, 70, 70, 68, 70, 71, 72, 72, 72, 72, 72, 70, 71, 72, 72, 71, 70, 72, 73, 71, 70, 72, 70, 71, 72, 71, 70, 70, 71, 70, 69, 67, 67, 68, 68, 72, 71, 69, 70, 68, 67, 69, 69, 70, 69, 68, 66, 69, 68, 66, 66, 62, 65, 65, 67, 64, 64, 64, 64, 65, 65, 62, 61, 61, 68, 68, 68, 68, 66, 66, 68, 66, 69, 69, 68, 70, 69, 67, 65, 64, 70, 70, 69, 69, 70, 66, 69, 69, 68, 67, 68, 69, 67, 66, 66, 67, 67, 66
 ]}
 
{seqnr : 10,
 data:[
 64, 63, 65, 64, 67, 67, 66, 65, 63, 66, 65, 64, 62, 63, 63, 61, 62, 63, 61, 61, 61, 62, 61, 59, 60, 61, 60, 61, 57, 59, 70, 71, 68, 69, 67, 68, 69, 69, 71, 69, 69, 68, 70, 69, 67, 66, 70, 71, 70, 68, 67, 69, 70, 68, 69, 69, 67, 67, 68, 67, 69, 68, 68, 63, 65, 65, 67, 66, 67, 68, 67, 66, 64, 66, 64, 64, 64, 61, 64, 63, 62, 63, 63, 60, 61, 61, 62, 62, 61, 60, 61, 59, 60, 60, 68, 68, 68, 70, 68, 69, 69, 68, 67, 69, 69, 68, 68, 66, 66, 65, 68, 68, 67, 69, 67, 68, 69, 68, 68, 66, 66, 68, 66, 67, 67, 65, 65, 65, 63, 66, 65, 65, 65, 66, 64, 64, 65, 63, 64, 67, 63, 64, 62, 61, 62, 63, 62, 60, 62, 60, 60, 62, 62, 59, 60, 61, 59, 59, 67, 66, 68, 69, 69, 69, 69, 70, 68, 68, 69, 69, 67, 68, 64, 66, 67, 68, 66, 68, 65, 67, 68, 66, 68, 67, 66, 66, 67, 68, 65, 64, 65, 65, 67, 64, 63, 63, 65, 65, 63, 65, 63, 64, 63, 64, 63, 64, 62, 63, 60, 60, 62, 62, 60, 60, 61, 61, 61, 59, 61, 61, 60, 58, 69, 70, 72, 71, 71, 71, 71, 71, 73, 71, 69, 70, 69, 67, 68, 69, 69, 70, 69, 70, 69, 68, 69, 69, 69, 68, 67, 68, 69, 71, 68
 ]}
 
{seqnr : 11,
 data:[
 65, 67, 68, 68, 66, 65, 68, 66, 65, 67, 67, 69, 65, 63, 63, 63, 64, 65, 63, 66, 65, 63, 63, 65, 65, 61, 63, 62, 61, 61, 61, 62, 61, 69, 70, 70, 72, 74, 72, 69, 73, 72, 72, 72, 70, 71, 70, 70, 70, 70, 71, 72, 69, 68, 70, 68, 70, 69, 68, 68, 69, 69, 72, 69, 67, 67, 68, 68, 68, 68, 69, 67, 66, 67, 67, 66, 66, 65, 66, 67, 66, 64, 65, 65, 64, 63, 64, 65, 65, 63, 63, 65, 62, 64, 63, 63, 60, 73, 73, 76, 76, 74, 75, 73, 74, 75, 74, 73, 75, 74, 70, 72, 71, 73, 72, 71, 73, 72, 72, 72, 72, 70, 71, 69, 70, 73, 72, 71, 71, 70, 71, 73, 70, 68, 72, 69, 71, 70, 71, 68, 68, 68, 70, 69, 66, 69, 67, 67, 67, 66, 68, 68, 68, 66, 67, 65, 64, 65, 66, 66, 66, 69, 71, 71, 69, 71, 71, 73, 71, 70, 72, 69, 70, 69, 69, 68, 67, 68, 69, 67, 68, 69, 69, 67, 69, 70, 67, 66, 66, 69, 68, 65, 68, 68, 67, 68, 68, 67, 64, 67, 66, 64, 66, 66, 67, 64, 66, 65, 64, 63, 63, 63, 65, 64, 65, 65, 63, 63, 62, 59, 60, 61, 62, 62, 61, 57, 58, 59, 57, 58, 60, 58, 59, 58, 59, 59, 59, 60, 57, 59, 58, 60, 58, 57, 58, 59, 58, 57, 58, 59, 57, 55, 56
 ]}
 
{seqnr : 12,
 data:[
 59, 57, 54, 55, 58, 59, 56, 55, 55, 56, 55, 56, 55, 54, 55, 55, 57, 57, 53, 54, 51, 52, 52, 50, 52, 52, 51, 52, 52, 51, 50, 49, 49, 51, 49, 49, 57, 59, 58, 59, 60, 60, 58, 60, 59, 61, 61, 60, 58, 58, 59, 58, 60, 60, 59, 58, 62, 60, 59, 58, 59, 59, 57, 59, 57, 57, 59, 59, 59, 58, 57, 58, 59, 58, 58, 59, 58, 56, 58, 56, 57, 54, 55, 55, 54, 56, 54, 53, 55, 55, 52, 53, 54, 51, 52, 50, 51, 51, 52, 51, 68, 68, 65, 68, 67, 68, 67, 68, 67, 68, 70, 69, 66, 66, 66, 64, 66, 67, 68, 65, 66, 69, 67, 69, 67, 67, 68, 67, 64, 66, 63, 66, 67, 67, 65, 65, 65, 67, 66, 65, 64, 64, 63, 64, 65, 62, 63, 62, 64, 62, 61, 61, 64, 61, 63, 61, 60, 58, 60, 59, 57, 60, 58, 57, 72, 73, 73, 70, 72, 70, 73, 71, 70, 73, 72, 72, 70, 70, 72, 72, 72, 69, 69, 71, 71, 75, 73, 69, 71, 72, 72, 71, 70, 68, 69, 70, 68, 70, 70, 69, 68, 69, 71, 68, 68, 68, 67, 69, 69, 69, 67, 66, 67, 68, 65, 67, 65, 66, 69, 64, 62, 62, 64, 61, 61, 60, 63, 64, 83, 82, 81, 81, 82, 82, 79, 79, 79, 79, 82, 83, 81, 81, 79, 81, 80, 78, 80, 79, 80, 82, 82, 79, 81
 ]}
 
{seqnr : 13,
 data:[
 80, 81, 80, 78, 77, 78, 78, 81, 80, 78, 78, 80, 78, 79, 79, 77, 74, 77, 76, 76, 77, 74, 75, 76, 75, 75, 75, 76, 75, 75, 74, 72, 73, 75, 72, 70, 69, 71, 70, 87, 86, 85, 84, 84, 86, 85, 85, 84, 85, 83, 84, 84, 85, 85, 83, 82, 82, 83, 85, 85, 85, 87, 85, 83, 85, 83, 85, 82, 85, 84, 84, 84, 84, 84, 83, 85, 82, 84, 82, 81, 79, 82, 81, 81, 82, 81, 81, 80, 79, 80, 80, 80, 81, 80, 77, 77, 77, 77, 76, 76, 75, 74, 77, 77, 78, 76, 78, 76, 76, 77, 76, 76, 73, 75, 76, 75, 75, 75, 75, 76, 76, 77, 77, 77, 79, 78, 77, 76, 74, 76, 76, 75, 75, 75, 74, 77, 73, 75, 75, 75, 74, 75, 74, 71, 72, 75, 73, 72, 73, 71, 75, 72, 72, 72, 71, 71, 70, 68, 69, 68, 70, 66, 68, 68, 66, 65, 67, 78, 78, 75, 76, 77, 77, 77, 74, 77, 76, 76, 75, 75, 75, 77, 74, 73, 73, 76, 77, 75, 76, 74, 77, 76, 75, 77, 76, 75, 75, 75, 76, 74, 74, 75, 73, 72, 74, 74, 73, 72, 72, 72, 73, 72, 71, 71, 73, 71, 71, 71, 71, 69, 71, 71, 67, 69, 67, 66, 69, 69, 67, 67, 64, 68, 68, 67, 70, 67, 67, 68, 67, 65, 68, 66, 66, 65, 65, 67, 67, 66, 66, 66, 67, 67, 66
 ]}
 
{seqnr : 14,
 data:[
 66, 65, 66, 68, 68, 65, 65, 66, 64, 68, 65, 68, 65, 65, 66, 66, 65, 65, 64, 66, 64, 64, 65, 64, 63, 63, 63, 63, 61, 60, 62, 60, 61, 61, 59, 61, 58, 60, 59, 58, 58, 57, 64, 64, 66, 64, 64, 62, 60, 61, 65, 61, 61, 61, 61, 60, 62, 61, 60, 62, 61, 63, 64, 60, 60, 63, 63, 64, 60, 61, 61, 59, 62, 62, 62, 59, 62, 61, 58, 61, 63, 59, 59, 59, 60, 60, 59, 58, 57, 58, 56, 58, 57, 57, 57, 57, 57, 58, 55, 53, 56, 57, 55, 53, 53, 53, 57, 57, 57, 57, 59, 56, 56, 57, 57, 56, 55, 58, 57, 54, 56, 57, 55, 54, 55, 56, 56, 56, 52, 56, 57, 55, 56, 56, 55, 54, 55, 56, 57, 54, 56, 54, 57, 54, 57, 54, 51, 54, 54, 52, 52, 51, 51, 51, 54, 52, 52, 52, 49, 50, 51, 51, 48, 50, 48, 48, 49, 48, 48, 46, 58, 60, 61, 60, 59, 57, 58, 58, 61, 57, 58, 59, 57, 56, 56, 57, 59, 56, 55, 59, 57, 57, 54, 56, 53, 56, 58, 58, 58, 56, 59, 57, 57, 55, 56, 57, 55, 55, 55, 53, 55, 54, 54, 56, 52, 53, 52, 53, 53, 54, 55, 51, 50, 48, 52, 53, 50, 51, 49, 51, 48, 49, 49, 49, 72, 70, 70, 70, 67, 66, 66, 68, 70, 68, 69, 66, 67, 67, 64, 67, 68, 67, 66
 ]}
 
{seqnr : 15,
 data:[
 69, 67, 68, 66, 64, 65, 67, 68, 67, 64, 67, 64, 66, 67, 66, 66, 65, 67, 67, 66, 64, 66, 67, 65, 64, 64, 62, 63, 64, 63, 61, 64, 61, 61, 60, 63, 62, 60, 58, 59, 59, 60, 59, 58, 61, 67, 67, 68, 66, 65, 67, 66, 68, 67, 67, 65, 66, 65, 64, 64, 65, 65, 64, 65, 65, 67, 65, 64, 63, 62, 64, 63, 65, 65, 63, 66, 64, 65, 64, 64, 64, 66, 64, 65, 62, 62, 64, 63, 61, 63, 62, 60, 60, 61, 63, 62, 60, 58, 60, 59, 58, 58, 59, 60, 58, 58, 58, 56, 58, 66, 63, 63, 64, 62, 63, 64, 64, 64, 63, 63, 63, 62, 62, 62, 64, 64, 66, 60, 64, 63, 61, 59, 60, 61, 64, 62, 62, 63, 59, 61, 60, 60, 63, 59, 61, 62, 62, 61, 61, 60, 58, 57, 58, 56, 58, 58, 56, 56, 59, 58, 59, 55, 56, 56, 56, 54, 55, 54, 55, 54, 53, 53, 54, 62, 61, 62, 62, 62, 61, 62, 62, 59, 60, 60, 60, 60, 57, 58, 61, 62, 61, 59, 59, 60, 58, 57, 57, 61, 58, 59, 59, 57, 59, 59, 57, 57, 58, 57, 59, 59, 60, 57, 54, 53, 55, 54, 57, 55, 56, 54, 54, 53, 55, 57, 54, 56, 54, 53, 51, 52, 52, 51, 51, 50, 50, 53, 50, 64, 63, 64, 61, 66, 63, 65, 62, 64, 65, 61, 65, 64, 59, 63, 62
 ]}
 
{seqnr : 16,
 data:[
 64, 64, 62, 62, 63, 61, 62, 62, 61, 61, 60, 61, 64, 63, 61, 60, 62, 60, 61, 59, 61, 62, 61, 59, 59, 59, 57, 56, 59, 58, 58, 56, 57, 56, 56, 56, 56, 59, 56, 54, 54, 55, 54, 54, 52, 54, 54, 54, 0, 88, 40, 26, 127, 221, 238, 191, 1, 82, 128, 145, 210, 247, 191, 223, 94, 82, 27, 44, 207, 235, 239, 229, 68, 36, 72, 132, 109, 209, 93, 223, 32, 16, 128, 8, 127, 46, 239, 247, 177, 145, 128, 69, 191, 203, 196, 106, 64, 178, 70, 78, 231, 95, 178, 235, 20, 40, 4, 128, 255, 242, 254, 35, 164, 66, 88, 150, 249, 254, 202, 247, 76, 144, 0, 212, 197, 217, 229, 243, 0, 81, 19, 200, 223, 253, 223, 54, 0, 70, 32, 73, 183, 190, 57, 174, 152, 83, 200, 164, 237, 222, 125, 204, 98, 151, 2, 141, 26, 102, 249, 95, 161, 117, 12, 184, 250, 223, 119, 117, 133, 96, 128, 80, 125, 83, 250, 237, 165, 0, 128, 96, 206, 115, 97, 231, 226, 164, 11, 129, 102, 58, 36, 219, 65, 202, 141, 98, 253, 250, 191, 207, 196, 213, 34, 12, 53, 63, 170, 254, 17, 16, 113, 162, 127, 69, 103, 87, 128, 155, 22, 33, 254, 243, 97, 190, 136, 64, 128, 16, 246, 230, 119, 250, 173, 226, 172, 6, 203, 199, 106, 169, 4, 128, 2, 128, 33, 183, 247, 176, 128, 103, 194, 249, 235
 ]}
